<?xml version="1.0" encoding="utf-8"?>
<COLLADA xmlns="http://www.collada.org/2005/11/COLLADASchema" version="1.4.1">
  <asset>
    <contributor>
      <author>Mixamo</author>
      <authoring_tool>COLLADA Mixamo exporter</authoring_tool>
      <comments/>
    </contributor>
    <created>2024-02-27T17:55:06Z</created>
    <modified>2024-02-27T17:55:06Z</modified>
    <revision/>
    <title/>
    <unit meter="0.010000"/>
    <up_axis>Y_UP</up_axis>
  </asset>
  <library_animations>
    <animation id="mixamorig_Hips-anim" name="mixamorig_Hips">
      <source id="mixamorig_Hips-Matrix-animation-input">
        <float_array id="mixamorig_Hips-Matrix-animation-input-array" count="18">

0.000000 0.033333 0.066667 0.100000 0.133333 0.166667 0.200000 0.233333 0.266667 0.300000 0.333333 0.366667 0.400000 0.433333 0.466667 0.500000
0.533333 0.566667</float_array>
        <technique_common>
          <accessor source="#mixamorig_Hips-Matrix-animation-input-array" count="18">
            <param name="TIME" type="float"/>
          </accessor>
        </technique_common>
      </source>
      <source id="mixamorig_Hips-Matrix-animation-output-transform">
        <float_array id="mixamorig_Hips-Matrix-animation-output-transform-array" count="288">

0.937483 0.068384 -0.341248 -0.001659 -0.143580 0.969171 -0.200231 98.397865 0.317035 0.236709 0.918399 0.000079 0.000000 0.000000 0.000000 1.000000
0.841715 -0.008484 -0.539855 0.264505 -0.055730 0.993171 -0.102500 94.844635 0.537038 0.116362 0.835494 8.577759 0.000000 0.000000 0.000000 1.000000
0.682265 -0.058113 -0.728792 0.973454 0.043436 0.998297 -0.038941 90.612617 0.729814 -0.005088 0.683627 17.429398 0.000000 0.000000 0.000000 1.000000
0.459587 -0.078205 -0.884683 1.924434 0.142197 0.989745 -0.013622 86.095795 0.876676 -0.119538 0.465994 26.553579 0.000000 0.000000 0.000000 1.000000
0.182918 -0.067888 -0.980781 2.812963 0.227692 0.973414 -0.024913 81.762955 0.956398 -0.218759 0.193513 36.061424 0.000000 0.000000 0.000000 1.000000
-0.118592 -0.036756 -0.992262 3.208166 0.293219 0.953453 -0.070363 78.238686 0.948662 -0.299294 -0.102294 45.960255 0.000000 0.000000 0.000000 1.000000
-0.397402 0.000783 -0.917644 2.821577 0.331574 0.932560 -0.142798 76.116425 0.855646 -0.361015 -0.370861 55.956837 0.000000 0.000000 0.000000 1.000000
-0.610121 0.032297 -0.791650 1.706310 0.339684 0.913346 -0.224531 75.734917 0.715798 -0.405902 -0.568223 65.150764 0.000000 0.000000 0.000000 1.000000
-0.743482 0.054220 -0.666555 0.264985 0.327472 0.898552 -0.292175 77.100227 0.583092 -0.435505 -0.685813 71.980125 0.000000 0.000000 0.000000 1.000000
-0.814988 0.069375 -0.575310 -0.919911 0.307664 0.893122 -0.328139 79.897446 0.491058 -0.444432 -0.749228 74.862137 0.000000 0.000000 0.000000 1.000000
-0.853878 0.081505 -0.514052 -1.309864 0.278885 0.905558 -0.319669 83.540611 0.439449 -0.416320 -0.795966 73.235229 0.000000 0.000000 0.000000 1.000000
-0.887345 0.083972 -0.453396 -0.798693 0.233221 0.929966 -0.284201 87.223320 0.397778 -0.357926 -0.844785 68.020714 0.000000 0.000000 0.000000 1.000000
-0.928639 0.068677 -0.364572 0.274500 0.168979 0.953158 -0.250870 90.194061 0.330265 -0.294573 -0.896745 61.023678 0.000000 0.000000 0.000000 1.000000
-0.971710 0.035856 -0.233441 1.353988 0.092688 0.967008 -0.237285 92.177689 0.217231 -0.252209 -0.942975 53.841309 0.000000 0.000000 0.000000 1.000000
-0.997718 -0.002531 -0.067477 1.894015 0.013193 0.972732 -0.231557 93.470612 0.066223 -0.231919 -0.970478 47.126122 0.000000 0.000000 0.000000 1.000000
-0.993700 -0.033379 0.106983 1.742206 -0.056742 0.973065 -0.223439 94.674889 -0.096643 -0.228102 -0.968829 40.468784 0.000000 0.000000 0.000000 1.000000
-0.963905 -0.051298 0.261258 1.047894 -0.109043 0.971253 -0.211608 96.223518 -0.242893 -0.232458 -0.941789 33.070316 0.000000 0.000000 0.000000 1.000000
-0.926134 -0.060278 0.372347 0.001659 -0.143580 0.969171 -0.200231 98.397858 -0.348798 -0.238902 -0.906237 24.087048 0.000000 0.000000 0.000000 1.000000</float_array>
        <technique_common>
          <accessor source="#mixamorig_Hips-Matrix-animation-output-transform-array" count="18" stride="16">
            <param type="float4x4"/>
          </accessor>
        </technique_common>
      </source>
      <source id="mixamorig_Hips-Interpolations">
        <Name_array id="mixamorig_Hips-Interpolations-array" count="18">
 LINEAR LINEAR LINEAR LINEAR LINEAR LINEAR LINEAR LINEAR LINEAR LINEAR LINEAR
LINEAR LINEAR LINEAR LINEAR LINEAR LINEAR LINEAR</Name_array>
        <technique_common>
          <accessor source="#mixamorig_Hips-Interpolations-array" count="18">
            <param type="name"/>
          </accessor>
        </technique_common>
      </source>
      <sampler id="mixamorig_Hips-Matrix-animation-transform">
        <input semantic="INPUT" source="#mixamorig_Hips-Matrix-animation-input"/>
        <input semantic="OUTPUT" source="#mixamorig_Hips-Matrix-animation-output-transform"/>
        <input semantic="INTERPOLATION" source="#mixamorig_Hips-Interpolations"/>
      </sampler>
      <channel source="#mixamorig_Hips-Matrix-animation-transform" target="mixamorig_Hips/matrix"/>
    </animation>
    <animation id="mixamorig_Spine-anim" name="mixamorig_Spine">
      <source id="mixamorig_Spine-Matrix-animation-input">
        <float_array id="mixamorig_Spine-Matrix-animation-input-array" count="18">

0.000000 0.033333 0.066667 0.100000 0.133333 0.166667 0.200000 0.233333 0.266667 0.300000 0.333333 0.366667 0.400000 0.433333 0.466667 0.500000
0.533333 0.566667</float_array>
        <technique_common>
          <accessor source="#mixamorig_Spine-Matrix-animation-input-array" count="18">
            <param name="TIME" type="float"/>
          </accessor>
        </technique_common>
      </source>
      <source id="mixamorig_Spine-Matrix-animation-output-transform">
        <float_array id="mixamorig_Spine-Matrix-animation-output-transform-array" count="288">

0.988289 -0.129484 0.080739 0.004700 0.152585 0.832633 -0.532392 5.245300 0.001710 0.538476 0.842639 0.258800 0.000000 0.000000 0.000000 1.000000
0.993529 -0.078855 0.081739 0.004700 0.109087 0.862872 -0.493510 5.245300 -0.031615 0.499233 0.865891 0.258800 0.000000 0.000000 0.000000 1.000000
0.993384 -0.063784 0.095495 0.004700 0.098762 0.898840 -0.427005 5.245300 -0.058599 0.433611 0.899193 0.258800 0.000000 0.000000 0.000000 1.000000
0.988790 -0.085389 0.122490 0.004700 0.124604 0.923887 -0.361810 5.245300 -0.082272 0.373017 0.924170 0.258800 0.000000 0.000000 0.000000 1.000000
0.981573 -0.124609 0.144869 0.004700 0.166785 0.928679 -0.331266 5.245300 -0.093258 0.349324 0.932350 0.258800 0.000000 0.000000 0.000000 1.000000
0.979397 -0.143103 0.142488 0.004700 0.185010 0.918659 -0.349050 5.245300 -0.080947 0.368221 0.926208 0.258800 0.000000 0.000000 0.000000 1.000000
0.987130 -0.124660 0.100171 0.004700 0.154371 0.906354 -0.393309 5.245300 -0.041760 0.403711 0.913933 0.258800 0.000000 0.000000 0.000000 1.000000
0.995437 -0.093716 0.017954 0.004700 0.092347 0.898793 -0.428536 5.245300 0.024024 0.428238 0.903346 0.258800 0.000000 0.000000 0.000000 1.000000
0.993495 -0.075973 -0.084832 0.004700 0.031138 0.897772 -0.439359 5.245300 0.109539 0.433859 0.894297 0.258800 0.000000 0.000000 0.000000 1.000000
0.979950 -0.083661 -0.180830 0.004700 -0.004150 0.898807 -0.438326 5.245300 0.199202 0.430288 0.880438 0.258800 0.000000 0.000000 0.000000 1.000000
0.962935 -0.111784 -0.245479 0.004700 -0.008944 0.896350 -0.443257 5.245300 0.269584 0.429023 0.862127 0.258800 0.000000 0.000000 0.000000 1.000000
0.955382 -0.144977 -0.257346 0.004700 0.016321 0.895838 -0.444080 5.245300 0.294922 0.420066 0.858234 0.258800 0.000000 0.000000 0.000000 1.000000
0.960891 -0.168270 -0.219940 0.004700 0.061383 0.903880 -0.423359 5.245300 0.270038 0.393301 0.878859 0.258800 0.000000 0.000000 0.000000 1.000000
0.972526 -0.184744 -0.141641 0.004700 0.113842 0.908154 -0.402861 5.245300 0.203058 0.375668 0.904235 0.258800 0.000000 0.000000 0.000000 1.000000
0.980587 -0.191705 -0.041204 0.004700 0.159748 0.902896 -0.399074 5.245300 0.113708 0.384744 0.915992 0.258800 0.000000 0.000000 0.000000 1.000000
0.982297 -0.182069 0.044075 0.004700 0.184101 0.894798 -0.406746 5.245300 0.034618 0.407660 0.912477 0.258800 0.000000 0.000000 0.000000 1.000000
0.984478 -0.152209 0.087379 0.004700 0.175452 0.866017 -0.468221 5.245300 -0.004405 0.476284 0.879280 0.258800 0.000000 0.000000 0.000000 1.000000
0.987965 -0.131464 0.081500 0.004700 0.154663 0.832370 -0.532203 5.245300 0.002127 0.538403 0.842685 0.258800 0.000000 0.000000 0.000000 1.000000</float_array>
        <technique_common>
          <accessor source="#mixamorig_Spine-Matrix-animation-output-transform-array" count="18" stride="16">
            <param type="float4x4"/>
          </accessor>
        </technique_common>
      </source>
      <source id="mixamorig_Spine-Interpolations">
        <Name_array id="mixamorig_Spine-Interpolations-array" count="18">
 LINEAR LINEAR LINEAR LINEAR LINEAR LINEAR LINEAR LINEAR LINEAR LINEAR LINEAR
LINEAR LINEAR LINEAR LINEAR LINEAR LINEAR LINEAR</Name_array>
        <technique_common>
          <accessor source="#mixamorig_Spine-Interpolations-array" count="18">
            <param type="name"/>
          </accessor>
        </technique_common>
      </source>
      <sampler id="mixamorig_Spine-Matrix-animation-transform">
        <input semantic="INPUT" source="#mixamorig_Spine-Matrix-animation-input"/>
        <input semantic="OUTPUT" source="#mixamorig_Spine-Matrix-animation-output-transform"/>
        <input semantic="INTERPOLATION" source="#mixamorig_Spine-Interpolations"/>
      </sampler>
      <channel source="#mixamorig_Spine-Matrix-animation-transform" target="mixamorig_Spine/matrix"/>
    </animation>
    <animation id="mixamorig_Spine1-anim" name="mixamorig_Spine1">
      <source id="mixamorig_Spine1-Matrix-animation-input">
        <float_array id="mixamorig_Spine1-Matrix-animation-input-array" count="18">

0.000000 0.033333 0.066667 0.100000 0.133333 0.166667 0.200000 0.233333 0.266667 0.300000 0.333333 0.366667 0.400000 0.433333 0.466667 0.500000
0.533333 0.566667</float_array>
        <technique_common>
          <accessor source="#mixamorig_Spine1-Matrix-animation-input-array" count="18">
            <param name="TIME" type="float"/>
          </accessor>
        </technique_common>
      </source>
      <source id="mixamorig_Spine1-Matrix-animation-output-transform">
        <float_array id="mixamorig_Spine1-Matrix-animation-output-transform-array" count="288">

0.996420 0.076961 0.034976 0.000000 -0.080614 0.989609 0.119062 11.066900 -0.025449 -0.121456 0.992271 0.000000 0.000000 0.000000 0.000000 1.000000
0.994196 0.104148 0.026989 0.000000 -0.107164 0.980872 0.162500 11.066900 -0.009549 -0.164449 0.986339 0.000000 0.000000 0.000000 0.000000 1.000000
0.993825 0.107947 0.025686 -0.000000 -0.110882 0.974848 0.193332 11.066900 -0.004170 -0.194986 0.980797 0.000000 0.000000 0.000000 0.000000 1.000000
0.995660 0.089419 0.025782 0.000000 -0.092820 0.974172 0.205847 11.066900 -0.006710 -0.207347 0.978244 0.000000 0.000000 0.000000 0.000000 1.000000
0.997935 0.059356 0.024544 0.000000 -0.063005 0.978901 0.194379 11.066900 -0.012488 -0.195524 0.980619 -0.000000 0.000000 0.000000 0.000000 1.000000
0.999169 0.034156 0.022264 -0.000000 -0.037342 0.985850 0.163420 11.066900 -0.016367 -0.164116 0.986305 0.000000 0.000000 0.000000 0.000000 1.000000
0.999412 0.026341 0.021942 0.000000 -0.029009 0.990852 0.131800 11.066900 -0.018270 -0.132359 0.991033 0.000000 0.000000 0.000000 0.000000 1.000000
0.998926 0.035945 0.029235 0.000000 -0.039108 0.992478 0.116012 11.066900 -0.024845 -0.117031 0.992817 0.000000 0.000000 0.000000 0.000000 1.000000
0.998104 0.045352 0.041618 0.000000 -0.049866 0.992144 0.114732 11.066900 -0.036087 -0.116589 0.992524 0.000000 0.000000 0.000000 0.000000 1.000000
0.997350 0.048575 0.054166 0.000000 -0.054318 0.992427 0.110172 11.066900 -0.048404 -0.112822 0.992436 0.000000 0.000000 0.000000 0.000000 1.000000
0.996998 0.051069 0.058200 0.000000 -0.055934 0.994787 0.085267 11.066900 -0.053542 -0.088266 0.994657 0.000000 0.000000 0.000000 0.000000 1.000000
0.997375 0.057243 0.044352 0.000000 -0.058837 0.997636 0.035503 11.066900 -0.042214 -0.038019 0.998385 0.000000 0.000000 0.000000 0.000000 1.000000
0.997815 0.063511 0.018191 0.000000 -0.063104 0.997761 -0.022143 11.066900 -0.019556 0.020947 0.999589 0.000000 0.000000 0.000000 0.000000 1.000000
0.997482 0.070721 -0.005231 0.000000 -0.070872 0.996718 -0.039128 11.066900 0.002446 0.039401 0.999221 0.000000 0.000000 0.000000 0.000000 1.000000
0.996819 0.078275 -0.015003 -0.000000 -0.078441 0.996860 -0.010781 11.066900 0.014112 0.011923 0.999829 0.000000 0.000000 0.000000 0.000000 1.000000
0.996486 0.083446 -0.007213 -0.000000 -0.083194 0.996078 0.030113 11.066900 0.009698 -0.029407 0.999520 -0.000000 0.000000 0.000000 0.000000 1.000000
0.996472 0.082966 0.012689 0.000000 -0.083665 0.993918 0.071609 11.066900 -0.006671 -0.072418 0.997352 0.000000 0.000000 0.000000 0.000000 1.000000
0.996501 0.075579 0.035675 -0.000000 -0.079356 0.989576 0.120174 11.066900 -0.026220 -0.122585 0.992112 0.000000 0.000000 0.000000 0.000000 1.000000</float_array>
        <technique_common>
          <accessor source="#mixamorig_Spine1-Matrix-animation-output-transform-array" count="18" stride="16">
            <param type="float4x4"/>
          </accessor>
        </technique_common>
      </source>
      <source id="mixamorig_Spine1-Interpolations">
        <Name_array id="mixamorig_Spine1-Interpolations-array" count="18">
 LINEAR LINEAR LINEAR LINEAR LINEAR LINEAR LINEAR LINEAR LINEAR LINEAR LINEAR
LINEAR LINEAR LINEAR LINEAR LINEAR LINEAR LINEAR</Name_array>
        <technique_common>
          <accessor source="#mixamorig_Spine1-Interpolations-array" count="18">
            <param type="name"/>
          </accessor>
        </technique_common>
      </source>
      <sampler id="mixamorig_Spine1-Matrix-animation-transform">
        <input semantic="INPUT" source="#mixamorig_Spine1-Matrix-animation-input"/>
        <input semantic="OUTPUT" source="#mixamorig_Spine1-Matrix-animation-output-transform"/>
        <input semantic="INTERPOLATION" source="#mixamorig_Spine1-Interpolations"/>
      </sampler>
      <channel source="#mixamorig_Spine1-Matrix-animation-transform" target="mixamorig_Spine1/matrix"/>
    </animation>
    <animation id="mixamorig_Spine2-anim" name="mixamorig_Spine2">
      <source id="mixamorig_Spine2-Matrix-animation-input">
        <float_array id="mixamorig_Spine2-Matrix-animation-input-array" count="18">

0.000000 0.033333 0.066667 0.100000 0.133333 0.166667 0.200000 0.233333 0.266667 0.300000 0.333333 0.366667 0.400000 0.433333 0.466667 0.500000
0.533333 0.566667</float_array>
        <technique_common>
          <accessor source="#mixamorig_Spine2-Matrix-animation-input-array" count="18">
            <param name="TIME" type="float"/>
          </accessor>
        </technique_common>
      </source>
      <source id="mixamorig_Spine2-Matrix-animation-output-transform">
        <float_array id="mixamorig_Spine2-Matrix-animation-output-transform-array" count="288">

0.998273 0.058410 -0.006284 0.000000 -0.058747 0.993140 -0.101105 8.141900 0.000335 0.101300 0.994856 -0.000000 0.000000 0.000000 0.000000 1.000000
0.995946 0.089300 -0.010861 -0.000000 -0.089769 0.994407 -0.055636 8.141900 0.005832 0.056386 0.998392 -0.000000 0.000000 0.000000 0.000000 1.000000
0.995114 0.098599 -0.005148 -0.000000 -0.098683 0.994919 -0.019945 8.141900 0.003155 0.020355 0.999788 0.000000 0.000000 0.000000 0.000000 1.000000
0.996190 0.087186 0.002172 -0.000000 -0.087178 0.996187 -0.003421 8.141900 -0.002462 0.003218 0.999992 0.000000 0.000000 0.000000 0.000000 1.000000
0.998008 0.062447 0.008983 0.000000 -0.062326 0.997969 -0.013161 8.141900 -0.009787 0.012575 0.999873 0.000000 0.000000 0.000000 0.000000 1.000000
0.999151 0.038249 0.015332 0.000000 -0.037577 0.998415 -0.041902 8.141900 -0.016911 0.041290 0.999004 0.000000 0.000000 0.000000 0.000000 1.000000
0.999290 0.030595 0.022007 0.000000 -0.028931 0.996962 -0.072321 8.141900 -0.024153 0.071633 0.997139 0.000000 0.000000 0.000000 0.000000 1.000000
0.998769 0.040356 0.028833 0.000000 -0.037783 0.995680 -0.084816 8.141900 -0.032131 0.083622 0.995979 0.000000 0.000000 0.000000 0.000000 1.000000
0.998047 0.049054 0.038665 0.000000 -0.045697 0.995471 -0.083365 8.141900 -0.042580 0.081435 0.995769 0.000000 0.000000 0.000000 0.000000 1.000000
0.997682 0.047175 0.049036 0.000000 -0.042948 0.995544 -0.083953 8.141900 -0.052778 0.081653 0.995262 0.000000 0.000000 0.000000 0.000000 1.000000
0.997551 0.045332 0.053260 0.000000 -0.040425 0.995134 -0.089858 8.141900 -0.057074 0.087485 0.994530 -0.000000 0.000000 0.000000 0.000000 1.000000
0.997908 0.049444 0.041660 0.000000 -0.044613 0.992949 -0.109830 8.141900 -0.046796 0.107741 0.993077 -0.000000 0.000000 0.000000 0.000000 1.000000
0.998218 0.057461 0.016078 0.000000 -0.054498 0.987713 -0.146469 8.141900 -0.024296 0.145332 0.989085 0.000000 0.000000 0.000000 0.000000 1.000000
0.997738 0.066054 -0.012506 0.000000 -0.067215 0.983739 -0.166553 8.141900 0.001301 0.167017 0.985953 -0.000000 0.000000 0.000000 0.000000 1.000000
0.997019 0.071064 -0.030046 0.000000 -0.074954 0.984467 -0.158764 8.141900 0.018297 0.160542 0.986859 -0.000000 0.000000 0.000000 0.000000 1.000000
0.997016 0.070683 -0.031019 0.000000 -0.074386 0.987134 -0.141540 8.141900 0.020615 0.143425 0.989446 0.000000 0.000000 0.000000 0.000000 1.000000
0.997575 0.066570 -0.020316 0.000000 -0.068576 0.989992 -0.123341 8.141900 0.011902 0.124435 0.992156 0.000000 0.000000 0.000000 0.000000 1.000000
0.998366 0.056848 -0.005853 0.000000 -0.057149 0.993361 -0.099844 8.141900 0.000138 0.100016 0.994986 -0.000000 0.000000 0.000000 0.000000 1.000000</float_array>
        <technique_common>
          <accessor source="#mixamorig_Spine2-Matrix-animation-output-transform-array" count="18" stride="16">
            <param type="float4x4"/>
          </accessor>
        </technique_common>
      </source>
      <source id="mixamorig_Spine2-Interpolations">
        <Name_array id="mixamorig_Spine2-Interpolations-array" count="18">
 LINEAR LINEAR LINEAR LINEAR LINEAR LINEAR LINEAR LINEAR LINEAR LINEAR LINEAR
LINEAR LINEAR LINEAR LINEAR LINEAR LINEAR LINEAR</Name_array>
        <technique_common>
          <accessor source="#mixamorig_Spine2-Interpolations-array" count="18">
            <param type="name"/>
          </accessor>
        </technique_common>
      </source>
      <sampler id="mixamorig_Spine2-Matrix-animation-transform">
        <input semantic="INPUT" source="#mixamorig_Spine2-Matrix-animation-input"/>
        <input semantic="OUTPUT" source="#mixamorig_Spine2-Matrix-animation-output-transform"/>
        <input semantic="INTERPOLATION" source="#mixamorig_Spine2-Interpolations"/>
      </sampler>
      <channel source="#mixamorig_Spine2-Matrix-animation-transform" target="mixamorig_Spine2/matrix"/>
    </animation>
    <animation id="mixamorig_Neck-anim" name="mixamorig_Neck">
      <source id="mixamorig_Neck-Matrix-animation-input">
        <float_array id="mixamorig_Neck-Matrix-animation-input-array" count="18">

0.000000 0.033333 0.066667 0.100000 0.133333 0.166667 0.200000 0.233333 0.266667 0.300000 0.333333 0.366667 0.400000 0.433333 0.466667 0.500000
0.533333 0.566667</float_array>
        <technique_common>
          <accessor source="#mixamorig_Neck-Matrix-animation-input-array" count="18">
            <param name="TIME" type="float"/>
          </accessor>
        </technique_common>
      </source>
      <source id="mixamorig_Neck-Matrix-animation-output-transform">
        <float_array id="mixamorig_Neck-Matrix-animation-output-transform-array" count="288">

0.992568 -0.117191 0.032774 -0.112200 0.098524 0.932006 0.348796 18.919500 -0.071422 -0.342975 0.936625 -3.736100 0.000000 0.000000 0.000000 1.000000
0.994549 -0.090598 0.051613 -0.112200 0.082028 0.985414 0.149100 18.919500 -0.064368 -0.144053 0.987474 -3.736100 0.000000 0.000000 0.000000 1.000000
0.997249 -0.032547 0.066601 -0.112200 0.032093 0.999454 0.007885 18.919500 -0.066821 -0.005725 0.997749 -3.736100 0.000000 0.000000 0.000000 1.000000
0.981193 0.177406 0.076078 -0.112200 -0.170216 0.981062 -0.092431 18.919500 -0.091035 0.077743 0.992808 -3.736100 0.000000 0.000000 0.000000 1.000000
0.907123 0.415376 0.067755 -0.112200 -0.414421 0.909647 -0.028250 18.919500 -0.073368 -0.002453 0.997302 -3.736100 0.000000 0.000000 0.000000 1.000000
0.906249 0.420646 0.042061 -0.112200 -0.414060 0.863166 0.288961 18.919500 0.085244 -0.279287 0.956416 -3.736100 0.000000 0.000000 0.000000 1.000000
0.959924 0.277260 -0.040898 -0.112200 -0.218525 0.831832 0.510198 18.919500 0.175477 -0.480814 0.859084 -3.736100 0.000000 0.000000 0.000000 1.000000
0.986215 0.127809 -0.105097 -0.112200 -0.050113 0.836009 0.546422 18.919500 0.157700 -0.533623 0.830889 -3.736100 0.000000 0.000000 0.000000 1.000000
0.993996 0.053280 -0.095571 -0.112200 0.005282 0.849058 0.528274 18.919500 0.109292 -0.525606 0.843678 -3.736100 0.000000 0.000000 0.000000 1.000000
0.996990 0.034512 -0.069421 -0.112200 0.006083 0.857866 0.513838 18.919500 0.077288 -0.512713 0.855074 -3.736100 0.000000 0.000000 0.000000 1.000000
0.997630 -0.028937 -0.062421 -0.112200 0.053979 0.891738 0.449320 18.919500 0.042661 -0.451625 0.891187 -3.736100 0.000000 0.000000 0.000000 1.000000
0.998556 -0.044049 -0.030740 -0.112200 0.052946 0.903612 0.425067 18.919500 0.009054 -0.426081 0.904640 -3.736100 0.000000 0.000000 0.000000 1.000000
0.999853 -0.011452 0.012730 -0.112200 0.004523 0.893667 0.448709 18.919500 -0.016515 -0.448586 0.893587 -3.736100 0.000000 0.000000 0.000000 1.000000
0.999021 0.015500 0.041436 -0.112200 -0.033086 0.883531 0.467203 18.919500 -0.029368 -0.468117 0.883179 -3.736100 0.000000 0.000000 0.000000 1.000000
0.999123 -0.028970 0.030238 -0.112200 0.013572 0.907124 0.420644 18.919500 -0.039616 -0.419864 0.906722 -3.736100 0.000000 0.000000 0.000000 1.000000
0.995841 -0.089083 0.019109 -0.112200 0.079555 0.952434 0.294177 18.919500 -0.044407 -0.291434 0.955560 -3.736100 0.000000 0.000000 0.000000 1.000000
0.995136 -0.095099 0.025683 -0.112200 0.082431 0.946684 0.311440 18.919500 -0.053931 -0.307809 0.949919 -3.736100 0.000000 0.000000 0.000000 1.000000
0.996682 -0.064177 0.050062 -0.112200 0.045583 0.949667 0.309928 18.919500 -0.067433 -0.306617 0.949441 -3.736100 0.000000 0.000000 0.000000 1.000000</float_array>
        <technique_common>
          <accessor source="#mixamorig_Neck-Matrix-animation-output-transform-array" count="18" stride="16">
            <param type="float4x4"/>
          </accessor>
        </technique_common>
      </source>
      <source id="mixamorig_Neck-Interpolations">
        <Name_array id="mixamorig_Neck-Interpolations-array" count="18">
 LINEAR LINEAR LINEAR LINEAR LINEAR LINEAR LINEAR LINEAR LINEAR LINEAR LINEAR
LINEAR LINEAR LINEAR LINEAR LINEAR LINEAR LINEAR</Name_array>
        <technique_common>
          <accessor source="#mixamorig_Neck-Interpolations-array" count="18">
            <param type="name"/>
          </accessor>
        </technique_common>
      </source>
      <sampler id="mixamorig_Neck-Matrix-animation-transform">
        <input semantic="INPUT" source="#mixamorig_Neck-Matrix-animation-input"/>
        <input semantic="OUTPUT" source="#mixamorig_Neck-Matrix-animation-output-transform"/>
        <input semantic="INTERPOLATION" source="#mixamorig_Neck-Interpolations"/>
      </sampler>
      <channel source="#mixamorig_Neck-Matrix-animation-transform" target="mixamorig_Neck/matrix"/>
    </animation>
    <animation id="mixamorig_Head-anim" name="mixamorig_Head">
      <source id="mixamorig_Head-Matrix-animation-input">
        <float_array id="mixamorig_Head-Matrix-animation-input-array" count="18">

0.000000 0.033333 0.066667 0.100000 0.133333 0.166667 0.200000 0.233333 0.266667 0.300000 0.333333 0.366667 0.400000 0.433333 0.466667 0.500000
0.533333 0.566667</float_array>
        <technique_common>
          <accessor source="#mixamorig_Head-Matrix-animation-input-array" count="18">
            <param name="TIME" type="float"/>
          </accessor>
        </technique_common>
      </source>
      <source id="mixamorig_Head-Matrix-animation-output-transform">
        <float_array id="mixamorig_Head-Matrix-animation-output-transform-array" count="288">

0.962321 0.097777 0.253728 0.000000 -0.173384 0.939455 0.295571 8.673000 -0.209467 -0.328426 0.921010 3.319300 0.000000 0.000000 0.000000 1.000000
0.944512 -0.023402 0.327643 0.000000 -0.079648 0.951375 0.297559 8.673000 -0.318675 -0.307144 0.896721 3.319300 0.000000 0.000000 0.000000 1.000000
0.902489 -0.084663 0.422310 -0.000000 -0.018123 0.972158 0.233623 8.673000 -0.430331 -0.218496 0.875828 3.319300 0.000000 0.000000 0.000000 1.000000
0.874676 -0.181438 0.449468 0.000000 0.073000 0.966031 0.247900 8.673000 -0.479179 -0.184021 0.858210 3.319300 0.000000 0.000000 0.000000 1.000000
0.846198 -0.277008 0.455209 0.000000 0.162321 0.947661 0.274937 8.673000 -0.507543 -0.158761 0.846873 3.319300 0.000000 0.000000 0.000000 1.000000
0.781079 -0.188928 0.595165 0.000000 0.183791 0.980467 0.070035 8.673000 -0.596772 0.054683 0.800546 3.319300 0.000000 0.000000 0.000000 1.000000
0.731550 0.024027 0.681364 0.000000 0.102438 0.984161 -0.144688 8.673000 -0.674048 0.175644 0.717501 3.319300 0.000000 0.000000 0.000000 1.000000
0.733121 0.145128 0.664433 0.000000 -0.013338 0.979847 -0.199305 8.673000 -0.679967 0.137253 0.720282 3.319300 0.000000 0.000000 0.000000 1.000000
0.799870 0.151416 0.580759 0.000000 -0.073836 0.985128 -0.155150 8.673000 -0.595614 0.081219 0.799154 3.319300 0.000000 0.000000 0.000000 1.000000
0.877544 0.125697 0.462728 0.000000 -0.100426 0.991806 -0.078964 8.673000 -0.468862 0.022824 0.882977 3.319300 0.000000 0.000000 0.000000 1.000000
0.913737 0.173164 0.367557 0.000000 -0.199364 0.979327 0.034234 8.673000 -0.354031 -0.104559 0.929371 3.319300 0.000000 0.000000 0.000000 1.000000
0.945797 0.189591 0.263673 0.000000 -0.230818 0.963572 0.135102 8.673000 -0.228454 -0.188640 0.955104 3.319300 0.000000 0.000000 0.000000 1.000000
0.975092 0.156177 0.157494 0.000000 -0.185628 0.963265 0.194068 8.673000 -0.121399 -0.218470 0.968263 3.319300 0.000000 0.000000 0.000000 1.000000
0.991004 0.104169 0.084029 0.000000 -0.119776 0.970428 0.209577 8.673000 -0.059713 -0.217756 0.974175 3.319300 0.000000 0.000000 0.000000 1.000000
0.990700 0.106040 0.085255 -0.000000 -0.123909 0.961990 0.243357 8.673000 -0.056209 -0.251657 0.966183 3.319300 0.000000 0.000000 0.000000 1.000000
0.983335 0.127144 0.129951 -0.000000 -0.164729 0.925533 0.340960 8.673000 -0.076923 -0.356685 0.931053 3.319300 0.000000 0.000000 0.000000 1.000000
0.977224 0.100781 0.186751 0.000000 -0.161422 0.924286 0.345888 8.673000 -0.137752 -0.368156 0.919503 3.319300 0.000000 0.000000 0.000000 1.000000
0.968250 0.052323 0.244447 -0.000000 -0.142308 0.919308 0.366906 8.673000 -0.205525 -0.390044 0.897566 3.319300 0.000000 0.000000 0.000000 1.000000</float_array>
        <technique_common>
          <accessor source="#mixamorig_Head-Matrix-animation-output-transform-array" count="18" stride="16">
            <param type="float4x4"/>
          </accessor>
        </technique_common>
      </source>
      <source id="mixamorig_Head-Interpolations">
        <Name_array id="mixamorig_Head-Interpolations-array" count="18">
 LINEAR LINEAR LINEAR LINEAR LINEAR LINEAR LINEAR LINEAR LINEAR LINEAR LINEAR
LINEAR LINEAR LINEAR LINEAR LINEAR LINEAR LINEAR</Name_array>
        <technique_common>
          <accessor source="#mixamorig_Head-Interpolations-array" count="18">
            <param type="name"/>
          </accessor>
        </technique_common>
      </source>
      <sampler id="mixamorig_Head-Matrix-animation-transform">
        <input semantic="INPUT" source="#mixamorig_Head-Matrix-animation-input"/>
        <input semantic="OUTPUT" source="#mixamorig_Head-Matrix-animation-output-transform"/>
        <input semantic="INTERPOLATION" source="#mixamorig_Head-Interpolations"/>
      </sampler>
      <channel source="#mixamorig_Head-Matrix-animation-transform" target="mixamorig_Head/matrix"/>
    </animation>
    <animation id="mixamorig_LeftShoulder-anim" name="mixamorig_LeftShoulder">
      <source id="mixamorig_LeftShoulder-Matrix-animation-input">
        <float_array id="mixamorig_LeftShoulder-Matrix-animation-input-array" count="18">

0.000000 0.033333 0.066667 0.100000 0.133333 0.166667 0.200000 0.233333 0.266667 0.300000 0.333333 0.366667 0.400000 0.433333 0.466667 0.500000
0.533333 0.566667</float_array>
        <technique_common>
          <accessor source="#mixamorig_LeftShoulder-Matrix-animation-input-array" count="18">
            <param name="TIME" type="float"/>
          </accessor>
        </technique_common>
      </source>
      <source id="mixamorig_LeftShoulder-Matrix-animation-output-transform">
        <float_array id="mixamorig_LeftShoulder-Matrix-animation-output-transform-array" count="288">

0.591539 0.789785 0.162238 6.339200 0.096410 0.130490 -0.986751 14.952900 -0.800492 0.599343 0.001047 -4.642900 0.000000 0.000000 0.000000 1.000000
0.533000 0.846115 -0.000125 6.339200 0.063385 -0.040075 -0.997184 14.952900 -0.843738 0.531491 -0.074991 -4.642900 0.000000 0.000000 0.000000 1.000000
0.464590 0.875626 -0.132044 6.339200 0.053779 -0.176739 -0.982787 14.952900 -0.883891 0.449492 -0.129201 -4.642900 0.000000 0.000000 0.000000 1.000000
0.397515 0.895559 -0.199890 6.339200 0.058132 -0.241982 -0.968538 14.952900 -0.915752 0.373388 -0.148253 -4.642900 0.000000 0.000000 0.000000 1.000000
0.355548 0.905035 -0.233445 6.339200 0.059183 -0.271064 -0.960740 14.952900 -0.932783 0.327773 -0.149939 -4.642900 0.000000 0.000000 0.000000 1.000000
0.328163 0.910065 -0.253162 6.339200 0.032979 -0.278878 -0.959760 14.952900 -0.944045 0.306609 -0.121530 -4.642900 0.000000 0.000000 0.000000 1.000000
0.316704 0.916478 -0.244472 6.339200 -0.065210 -0.236092 -0.969540 14.952900 -0.946280 0.323000 -0.015007 -4.642900 0.000000 0.000000 0.000000 1.000000
0.379907 0.905258 -0.190205 6.339200 -0.149498 -0.142831 -0.978391 14.952900 -0.912864 0.400133 0.081072 -4.642900 0.000000 0.000000 0.000000 1.000000
0.505619 0.855160 -0.114238 6.339200 -0.126364 -0.057579 -0.990311 14.952900 -0.853453 0.515156 0.078948 -4.642900 0.000000 0.000000 0.000000 1.000000
0.583419 0.811272 -0.038211 6.339200 -0.022903 -0.030595 -0.999269 14.952900 -0.811848 0.583868 0.000731 -4.642900 0.000000 0.000000 0.000000 1.000000
0.565732 0.824322 -0.021010 6.339200 -0.017727 -0.013315 -0.999754 14.952900 -0.824399 0.565965 0.007080 -4.642900 0.000000 0.000000 0.000000 1.000000
0.517198 0.855643 -0.019523 6.339200 -0.053209 0.009379 -0.998539 14.952900 -0.854210 0.517481 0.050379 -4.642900 0.000000 0.000000 0.000000 1.000000
0.469397 0.882962 0.006689 6.339200 -0.073819 0.046790 -0.996173 14.952900 -0.879896 0.467107 0.087142 -4.642900 0.000000 0.000000 0.000000 1.000000
0.414447 0.907014 0.074564 6.339200 -0.075089 0.115733 -0.990438 14.952900 -0.906971 0.404885 0.116071 -4.642900 0.000000 0.000000 0.000000 1.000000
0.377784 0.913915 0.148456 6.339200 -0.069738 0.187969 -0.979696 14.952900 -0.923264 0.359761 0.134747 -4.642900 0.000000 0.000000 0.000000 1.000000
0.413800 0.893299 0.175462 6.339200 -0.034496 0.207985 -0.977524 14.952900 -0.909714 0.398447 0.116879 -4.642900 0.000000 0.000000 0.000000 1.000000
0.511920 0.842327 0.168594 6.339200 0.032678 0.177023 -0.983664 14.952900 -0.858411 0.509067 0.063096 -4.642900 0.000000 0.000000 0.000000 1.000000
0.611700 0.772548 0.170274 6.339200 0.101900 0.136500 -0.985385 14.952900 -0.784499 0.620111 0.004774 -4.642900 0.000000 0.000000 0.000000 1.000000</float_array>
        <technique_common>
          <accessor source="#mixamorig_LeftShoulder-Matrix-animation-output-transform-array" count="18" stride="16">
            <param type="float4x4"/>
          </accessor>
        </technique_common>
      </source>
      <source id="mixamorig_LeftShoulder-Interpolations">
        <Name_array id="mixamorig_LeftShoulder-Interpolations-array" count="18">
 LINEAR LINEAR LINEAR LINEAR LINEAR LINEAR LINEAR LINEAR LINEAR LINEAR LINEAR
LINEAR LINEAR LINEAR LINEAR LINEAR LINEAR LINEAR</Name_array>
        <technique_common>
          <accessor source="#mixamorig_LeftShoulder-Interpolations-array" count="18">
            <param type="name"/>
          </accessor>
        </technique_common>
      </source>
      <sampler id="mixamorig_LeftShoulder-Matrix-animation-transform">
        <input semantic="INPUT" source="#mixamorig_LeftShoulder-Matrix-animation-input"/>
        <input semantic="OUTPUT" source="#mixamorig_LeftShoulder-Matrix-animation-output-transform"/>
        <input semantic="INTERPOLATION" source="#mixamorig_LeftShoulder-Interpolations"/>
      </sampler>
      <channel source="#mixamorig_LeftShoulder-Matrix-animation-transform" target="mixamorig_LeftShoulder/matrix"/>
    </animation>
    <animation id="mixamorig_LeftArm-anim" name="mixamorig_LeftArm">
      <source id="mixamorig_LeftArm-Matrix-animation-input">
        <float_array id="mixamorig_LeftArm-Matrix-animation-input-array" count="18">

0.000000 0.033333 0.066667 0.100000 0.133333 0.166667 0.200000 0.233333 0.266667 0.300000 0.333333 0.366667 0.400000 0.433333 0.466667 0.500000
0.533333 0.566667</float_array>
        <technique_common>
          <accessor source="#mixamorig_LeftArm-Matrix-animation-input-array" count="18">
            <param name="TIME" type="float"/>
          </accessor>
        </technique_common>
      </source>
      <source id="mixamorig_LeftArm-Matrix-animation-output-transform">
        <float_array id="mixamorig_LeftArm-Matrix-animation-output-transform-array" count="288">

0.835968 -0.548639 -0.012359 0.000000 0.296681 0.470774 -0.830874 9.143700 0.461668 0.690918 0.556323 0.000000 0.000000 0.000000 0.000000 1.000000
0.728071 -0.683804 -0.048207 0.000000 0.419479 0.500045 -0.757623 9.143700 0.542171 0.531382 0.650910 0.000000 0.000000 0.000000 0.000000 1.000000
0.807625 -0.579797 -0.107595 0.000000 0.328273 0.593616 -0.734749 9.143700 0.489875 0.558082 0.669752 0.000000 0.000000 0.000000 0.000000 1.000000
0.843661 -0.532060 -0.071745 -0.000000 0.289481 0.563363 -0.773837 9.143700 0.452146 0.632087 0.629309 0.000000 0.000000 0.000000 0.000000 1.000000
0.876644 -0.479447 -0.040328 0.000000 0.249023 0.523845 -0.814601 9.143700 0.411684 0.704072 0.578618 0.000000 0.000000 0.000000 0.000000 1.000000
0.889125 -0.455466 -0.044805 -0.000000 0.229108 0.527710 -0.817943 9.143700 0.396190 0.716989 0.573551 0.000000 0.000000 0.000000 0.000000 1.000000
0.926924 -0.373528 -0.035893 0.000000 0.165314 0.492349 -0.854555 9.143700 0.336872 0.786174 0.518120 -0.000000 0.000000 0.000000 0.000000 1.000000
0.964043 -0.264519 -0.025491 0.000000 0.093700 0.428109 -0.898857 9.143700 0.248678 0.864148 0.437501 0.000000 0.000000 0.000000 0.000000 1.000000
0.950527 -0.310609 -0.004418 -0.000000 0.132388 0.417917 -0.898787 9.143700 0.281018 0.853737 0.438363 0.000000 0.000000 0.000000 0.000000 1.000000
0.852630 -0.522397 0.011073 0.000000 0.289721 0.455020 -0.842032 9.143700 0.434837 0.721150 0.539314 -0.000000 0.000000 0.000000 0.000000 1.000000
0.810524 -0.585394 0.019112 0.000000 0.336921 0.439305 -0.832763 9.143700 0.479098 0.681414 0.553299 -0.000000 0.000000 0.000000 0.000000 1.000000
0.823001 -0.567517 0.024377 0.000000 0.321207 0.429555 -0.843984 9.143700 0.468504 0.702429 0.535815 0.000000 0.000000 0.000000 0.000000 1.000000
0.826966 -0.560391 0.045711 0.000000 0.318129 0.399323 -0.859846 9.143700 0.463597 0.725605 0.508503 0.000000 0.000000 0.000000 0.000000 1.000000
0.806564 -0.581200 0.107983 0.000000 0.340921 0.308098 -0.888171 9.143700 0.482936 0.753181 0.446644 -0.000000 0.000000 0.000000 0.000000 1.000000
0.776065 -0.603627 0.182642 0.000000 0.368091 0.198392 -0.908378 9.143700 0.512086 0.772189 0.376154 0.000000 0.000000 0.000000 0.000000 1.000000
0.747308 -0.633247 0.201319 0.000000 0.390352 0.173194 -0.904229 9.143700 0.537733 0.754322 0.376618 0.000000 0.000000 0.000000 0.000000 1.000000
0.778226 -0.610879 0.145568 -0.000000 0.366555 0.253663 -0.895150 9.143700 0.509903 0.749988 0.421328 -0.000000 0.000000 0.000000 0.000000 1.000000
0.829393 -0.552228 0.084570 0.000000 0.315967 0.338834 -0.886203 9.143700 0.460731 0.761732 0.455512 0.000000 0.000000 0.000000 0.000000 1.000000</float_array>
        <technique_common>
          <accessor source="#mixamorig_LeftArm-Matrix-animation-output-transform-array" count="18" stride="16">
            <param type="float4x4"/>
          </accessor>
        </technique_common>
      </source>
      <source id="mixamorig_LeftArm-Interpolations">
        <Name_array id="mixamorig_LeftArm-Interpolations-array" count="18">
 LINEAR LINEAR LINEAR LINEAR LINEAR LINEAR LINEAR LINEAR LINEAR LINEAR LINEAR
LINEAR LINEAR LINEAR LINEAR LINEAR LINEAR LINEAR</Name_array>
        <technique_common>
          <accessor source="#mixamorig_LeftArm-Interpolations-array" count="18">
            <param type="name"/>
          </accessor>
        </technique_common>
      </source>
      <sampler id="mixamorig_LeftArm-Matrix-animation-transform">
        <input semantic="INPUT" source="#mixamorig_LeftArm-Matrix-animation-input"/>
        <input semantic="OUTPUT" source="#mixamorig_LeftArm-Matrix-animation-output-transform"/>
        <input semantic="INTERPOLATION" source="#mixamorig_LeftArm-Interpolations"/>
      </sampler>
      <channel source="#mixamorig_LeftArm-Matrix-animation-transform" target="mixamorig_LeftArm/matrix"/>
    </animation>
    <animation id="mixamorig_LeftForeArm-anim" name="mixamorig_LeftForeArm">
      <source id="mixamorig_LeftForeArm-Matrix-animation-input">
        <float_array id="mixamorig_LeftForeArm-Matrix-animation-input-array" count="18">

0.000000 0.033333 0.066667 0.100000 0.133333 0.166667 0.200000 0.233333 0.266667 0.300000 0.333333 0.366667 0.400000 0.433333 0.466667 0.500000
0.533333 0.566667</float_array>
        <technique_common>
          <accessor source="#mixamorig_LeftForeArm-Matrix-animation-input-array" count="18">
            <param name="TIME" type="float"/>
          </accessor>
        </technique_common>
      </source>
      <source id="mixamorig_LeftForeArm-Matrix-animation-output-transform">
        <float_array id="mixamorig_LeftForeArm-Matrix-animation-output-transform-array" count="288">

0.437709 -0.897140 -0.059583 0.000000 0.898980 0.437838 0.011566 24.573900 0.015711 -0.058627 0.998156 0.000000 0.000000 0.000000 0.000000 1.000000
0.814812 -0.576235 0.063525 0.000000 0.579235 0.804710 -0.130111 24.573900 0.023855 0.142812 0.989462 0.000000 0.000000 0.000000 0.000000 1.000000
0.822079 -0.555808 0.123548 0.000000 0.568432 0.788684 -0.234229 24.573900 0.032746 0.262783 0.964299 0.000000 0.000000 0.000000 0.000000 1.000000
0.839501 -0.523800 0.144470 0.000000 0.543324 0.806292 -0.233863 24.573900 0.006012 0.274823 0.961476 0.000000 0.000000 0.000000 0.000000 1.000000
0.746268 -0.644068 0.168110 0.000000 0.665640 0.723147 -0.184342 24.573900 -0.002839 0.249469 0.968379 -0.000000 0.000000 0.000000 0.000000 1.000000
0.571827 -0.791723 0.214917 0.000000 0.820336 0.549294 -0.159137 24.573900 0.007940 0.267303 0.963580 -0.000000 0.000000 0.000000 0.000000 1.000000
0.383163 -0.910678 0.154444 0.000000 0.923456 0.373991 -0.085785 24.573900 0.020362 0.175492 0.984270 0.000000 0.000000 0.000000 0.000000 1.000000
0.283766 -0.957459 0.052434 -0.000000 0.958577 0.281843 -0.041152 24.573900 0.024623 0.061940 0.997776 0.000000 0.000000 0.000000 0.000000 1.000000
0.387877 -0.920763 0.041794 0.000000 0.921563 0.386604 -0.035470 24.573900 0.016502 0.052274 0.998496 0.000000 0.000000 0.000000 0.000000 1.000000
0.579120 -0.813419 0.054494 0.000000 0.815229 0.577433 -0.044405 24.573900 0.004653 0.070141 0.997526 0.000000 0.000000 0.000000 0.000000 1.000000
