<?xml version="1.0" encoding="utf-8"?>
<COLLADA xmlns="http://www.collada.org/2005/11/COLLADASchema" version="1.4.1">
  <asset>
    <contributor>
      <author>Mixamo</author>
      <authoring_tool>COLLADA Mixamo exporter</authoring_tool>
      <comments/>
    </contributor>
    <created>2024-04-03T18:28:48Z</created>
    <modified>2024-04-03T18:28:48Z</modified>
    <revision/>
    <title/>
    <unit meter="0.010000"/>
    <up_axis>Y_UP</up_axis>
  </asset>
  <library_animations>
    <animation id="mixamorig_Hips-anim" name="mixamorig_Hips">
      <source id="mixamorig_Hips-Matrix-animation-input">
        <float_array id="mixamorig_Hips-Matrix-animation-input-array" count="66">

0.000000 0.033333 0.066667 0.100000 0.133333 0.166667 0.200000 0.233333 0.266667 0.300000 0.333333 0.366667 0.400000 0.433333 0.466667 0.500000
0.533333 0.566667 0.600000 0.633333 0.666667 0.700000 0.733333 0.766667 0.800000 0.833333 0.866667 0.900000 0.933333 0.966667 1.000000 1.033333
1.066667 1.100000 1.133333 1.166667 1.200000 1.233333 1.266667 1.300000 1.333333 1.366667 1.400000 1.433333 1.466667 1.500000 1.533333 1.566667
1.600000 1.633333 1.666667 1.700000 1.733333 1.766667 1.800000 1.833333 1.866667 1.900000 1.933333 1.966667 2.000000 2.033333 2.066667 2.100000
2.133333 2.166667</float_array>
        <technique_common>
          <accessor source="#mixamorig_Hips-Matrix-animation-input-array" count="66">
            <param name="TIME" type="float"/>
          </accessor>
        </technique_common>
      </source>
      <source id="mixamorig_Hips-Matrix-animation-output-transform">
        <float_array id="mixamorig_Hips-Matrix-animation-output-transform-array" count="1056">

0.926785 0.060724 -0.370651 -0.001664 -0.143580 0.969171 -0.200231 98.397858 0.347065 0.238789 0.906932 0.000025 0.000000 0.000000 0.000000 1.000000
0.976753 0.127862 -0.172064 -0.470886 -0.159805 0.969299 -0.186874 100.522011 0.142887 0.210027 0.967198 10.226008 0.000000 0.000000 0.000000 1.000000
0.985586 0.153920 0.070205 -0.369483 -0.141499 0.977474 -0.156596 102.410393 -0.092727 0.144405 0.985164 19.759377 0.000000 0.000000 0.000000 1.000000
0.936351 0.162574 0.311153 -0.152922 -0.135787 0.985046 -0.106053 102.892509 -0.323741 0.057052 0.944424 28.369139 0.000000 0.000000 0.000000 1.000000
0.842481 0.161421 0.513973 -0.130670 -0.153768 0.986418 -0.057749 101.022423 -0.516314 -0.030380 0.855860 36.225380 0.000000 0.000000 0.000000 1.000000
0.722442 0.157946 0.673150 -0.608248 -0.179690 0.982997 -0.037799 97.108131 -0.667675 -0.093651 0.738539 43.848164 0.000000 0.000000 0.000000 1.000000
0.580400 0.163105 0.797830 -1.941044 -0.196615 0.978818 -0.057073 92.899422 -0.790240 -0.123740 0.600175 51.537041 0.000000 0.000000 0.000000 1.000000
0.418429 0.185993 0.889002 -4.219186 -0.200228 0.973616 -0.109453 90.564133 -0.885904 -0.132205 0.444631 59.309105 0.000000 0.000000 0.000000 1.000000
0.243818 0.218738 0.944831 -6.967162 -0.189984 0.966129 -0.174642 91.117485 -0.951030 -0.136922 0.277116 67.223846 0.000000 0.000000 0.000000 1.000000
0.047780 0.243345 0.968762 -9.247642 -0.159779 0.959243 -0.233073 93.825592 -0.985996 -0.143651 0.084714 75.559631 0.000000 0.000000 0.000000 1.000000
-0.201729 0.252321 0.946382 -10.213213 -0.095386 0.956593 -0.275376 96.902954 -0.974786 -0.145823 -0.168904 84.552177 0.000000 0.000000 0.000000 1.000000
-0.503002 0.250450 0.827203 -9.621571 0.003447 0.957668 -0.287854 98.857887 -0.864279 -0.141940 -0.482572 94.045921 0.000000 0.000000 0.000000 1.000000
-0.769688 0.239675 0.591723 -7.937247 0.102654 0.961257 -0.255827 99.140205 -0.630113 -0.136164 -0.764472 103.635880 0.000000 0.000000 0.000000 1.000000
-0.919164 0.224103 0.323905 -5.866099 0.168188 0.966931 -0.191723 98.161621 -0.356160 -0.121748 -0.926460 112.890877 0.000000 0.000000 0.000000 1.000000
-0.969158 0.219656 0.111727 -3.875677 0.206680 0.971393 -0.116957 97.012749 -0.134221 -0.090258 -0.986832 121.119354 0.000000 0.000000 0.000000 1.000000
-0.967823 0.244084 -0.061167 -2.201665 0.246649 0.968338 -0.038539 97.266991 0.049824 -0.052386 -0.997383 127.503929 0.000000 0.000000 0.000000 1.000000
-0.922254 0.294468 -0.250473 -1.008472 0.293766 0.954994 0.041076 99.864403 0.251296 -0.035697 -0.967252 131.764999 0.000000 0.000000 0.000000 1.000000
-0.819391 0.343676 -0.458787 -0.389689 0.328704 0.937389 0.115133 104.348297 0.469630 -0.056466 -0.881056 134.566391 0.000000 0.000000 0.000000 1.000000
-0.668086 0.362639 -0.649734 -0.375384 0.333552 0.926508 0.174143 109.405945 0.665135 -0.100378 -0.739946 137.053772 0.000000 0.000000 0.000000 1.000000
-0.490364 0.346734 -0.799574 -0.949782 0.301984 0.928213 0.217317 113.836899 0.817526 -0.134894 -0.559871 140.082108 0.000000 0.000000 0.000000 1.000000
-0.297307 0.319990 -0.899564 -1.867489 0.236647 0.937465 0.255260 117.172211 0.924990 -0.136988 -0.354440 143.895950 0.000000 0.000000 0.000000 1.000000
-0.093219 0.308333 -0.946700 -2.880275 0.143685 0.945053 0.293649 119.432312 0.985223 -0.108653 -0.132400 148.325104 0.000000 0.000000 0.000000 1.000000
0.116994 0.316608 -0.941314 -3.868714 0.032714 0.946080 0.322277 120.875626 0.992594 -0.068498 0.100328 153.211807 0.000000 0.000000 0.000000 1.000000
0.322682 0.331640 -0.886505 -4.817137 -0.083256 0.942921 0.322440 121.563087 0.942839 -0.030238 0.331875 158.474289 0.000000 0.000000 0.000000 1.000000
0.508576 0.343476 -0.789541 -5.662483 -0.189941 0.939151 0.286212 121.437317 0.839805 0.004405 0.542870 163.963501 0.000000 0.000000 0.000000 1.000000
0.661892 0.357323 -0.658953 -6.235489 -0.279546 0.933322 0.225309 120.412590 0.695523 0.035077 0.717647 169.418076 0.000000 0.000000 0.000000 1.000000
0.775192 0.385599 -0.500390 -6.385776 -0.355002 0.921100 0.159836 118.264359 0.522542 0.053736 0.850918 174.580017 0.000000 0.000000 0.000000 1.000000
0.845576 0.428063 -0.319004 -6.206525 -0.419541 0.902347 0.098769 114.643845 0.330132 0.050318 0.942593 179.274643 0.000000 0.000000 0.000000 1.000000
0.875092 0.467238 -0.126105 -6.140045 -0.466531 0.883734 0.036930 109.500153 0.128698 0.026515 0.991329 183.434509 0.000000 0.000000 0.000000 1.000000
0.873702 0.482447 0.062375 -6.794324 -0.481273 0.875925 -0.033644 103.505020 -0.070867 -0.000625 0.997486 187.102615 0.000000 0.000000 0.000000 1.000000
0.853624 0.464508 0.235709 -8.546568 -0.450455 0.885523 -0.113753 98.005539 -0.261565 -0.009074 0.965143 190.391815 0.000000 0.000000 0.000000 1.000000
0.818925 0.422081 0.388856 -11.185531 -0.375765 0.906484 -0.192580 94.309731 -0.433776 0.011590 0.900946 193.501724 0.000000 0.000000 0.000000 1.000000
0.770315 0.374705 0.515957 -14.006210 -0.281391 0.925841 -0.252265 92.800186 -0.572219 0.049138 0.818627 196.752853 0.000000 0.000000 0.000000 1.000000
0.714815 0.334382 0.614190 -16.329315 -0.193588 0.938569 -0.285679 92.752563 -0.671985 0.085308 0.735635 200.718307 0.000000 0.000000 0.000000 1.000000
0.652670 0.305787 0.693193 -17.671984 -0.122402 0.945472 -0.301828 93.039261 -0.747689 0.112146 0.654510 206.171371 0.000000 0.000000 0.000000 1.000000
0.561602 0.297445 0.772094 -17.851171 -0.068398 0.946645 -0.314938 92.917664 -0.824575 0.124060 0.551982 213.555603 0.000000 0.000000 0.000000 1.000000
0.405344 0.317334 0.857318 -17.107847 -0.026001 0.941440 -0.336178 92.256851 -0.913794 0.113977 0.389858 222.540039 0.000000 0.000000 0.000000 1.000000
0.167015 0.358111 0.918620 -15.922860 0.021027 0.930201 -0.366448 91.240601 -0.985730 0.080518 0.147827 232.040436 0.000000 0.000000 0.000000 1.000000
-0.120992 0.391199 0.912318 -14.374113 0.092632 0.919509 -0.381997 90.299210 -0.988322 0.038292 -0.147491 240.982880 0.000000 0.000000 0.000000 1.000000
-0.399922 0.390521 0.829189 -12.117972 0.175054 0.920577 -0.349133 89.735992 -0.899677 0.005527 -0.436522 248.688507 0.000000 0.000000 0.000000 1.000000
-0.633803 0.356565 0.686407 -9.032973 0.233117 0.934204 -0.270036 89.472374 -0.737530 -0.011136 -0.675223 254.863953 0.000000 0.000000 0.000000 1.000000
-0.809310 0.310714 0.498473 -5.528098 0.256456 0.950391 -0.176033 89.302864 -0.528440 -0.014629 -0.848845 259.511353 0.000000 0.000000 0.000000 1.000000
-0.919812 0.273514 0.281313 -2.145051 0.258989 0.961831 -0.088347 89.217468 -0.294740 -0.008405 -0.955541 262.944702 0.000000 0.000000 0.000000 1.000000
-0.965929 0.252881 0.055069 0.756412 0.252669 0.967491 -0.010883 89.268959 -0.056031 0.003402 -0.998423 265.627655 0.000000 0.000000 0.000000 1.000000
-0.955434 0.245043 -0.164618 2.993076 0.238987 0.969409 0.055952 89.400223 0.173293 0.014117 -0.984769 267.946503 0.000000 0.000000 0.000000 1.000000
-0.897527 0.241746 -0.368787 4.539079 0.216805 0.970186 0.108329 89.519363 0.383980 0.017274 -0.923180 270.148651 0.000000 0.000000 0.000000 1.000000
-0.800940 0.236597 -0.550016 5.512399 0.188935 0.971552 0.142797 89.635063 0.568154 0.010455 -0.822856 272.405914 0.000000 0.000000 0.000000 1.000000
-0.676500 0.227689 -0.700361 6.023296 0.161057 0.973726 0.160991 89.877357 0.718615 -0.003888 -0.695397 274.875732 0.000000 0.000000 0.000000 1.000000
-0.537090 0.216983 -0.815140 6.023653 0.136571 0.975968 0.169808 90.351349 0.832396 -0.020122 -0.553816 277.721161 0.000000 0.000000 0.000000 1.000000
-0.392196 0.206977 -0.896294 5.389359 0.113370 0.977805 0.176193 91.004776 0.912869 -0.032510 -0.406957 281.088226 0.000000 0.000000 0.000000 1.000000
-0.244288 0.195902 -0.949708 4.223237 0.085115 0.979933 0.180243 91.663124 0.965960 -0.036803 -0.256060 285.038605 0.000000 0.000000 0.000000 1.000000
-0.093023 0.178314 -0.979567 3.034760 0.047914 0.983494 0.174479 92.074028 0.994510 -0.030704 -0.100031 289.440002 0.000000 0.000000 0.000000 1.000000
0.058201 0.153250 -0.986472 2.324003 0.006802 0.988063 0.153898 91.928925 0.998282 -0.015667 0.056464 293.888458 0.000000 0.000000 0.000000 1.000000
0.200247 0.129095 -0.971203 1.844463 -0.028019 0.991630 0.126034 91.205360 0.979345 0.001974 0.202188 297.842957 0.000000 0.000000 0.000000 1.000000
0.323498 0.116351 -0.939048 1.654958 -0.054516 0.993055 0.104262 90.377106 0.944657 0.017465 0.327595 300.996155 0.000000 0.000000 0.000000 1.000000
0.428118 0.115839 -0.896268 1.698781 -0.080623 0.992692 0.089790 90.033897 0.900120 0.033819 0.434328 303.475433 0.000000 0.000000 0.000000 1.000000
0.526699 0.118976 -0.841684 1.452288 -0.111866 0.991247 0.070115 90.384674 0.842659 0.057226 0.535398 305.594482 0.000000 0.000000 0.000000 1.000000
0.629570 0.119932 -0.767631 0.962013 -0.142340 0.989096 0.037793 91.222343 0.763793 0.085471 0.639777 307.513672 0.000000 0.000000 0.000000 1.000000
0.729979 0.120450 -0.672773 0.292448 -0.162363 0.986731 0.000492 92.296684 0.663905 0.108874 0.739849 309.261078 0.000000 0.000000 0.000000 1.000000
0.812061 0.120237 -0.571052 -0.715225 -0.166918 0.985518 -0.029861 93.511963 0.559192 0.119568 0.820371 310.852844 0.000000 0.000000 0.000000 1.000000
0.869300 0.112006 -0.481427 -2.159145 -0.154412 0.986779 -0.049240 94.853111 0.469546 0.117142 0.875102 312.331696 0.000000 0.000000 0.000000 1.000000
0.907060 0.089571 -0.411363 -3.857362 -0.125182 0.990294 -0.060400 96.236115 0.401960 0.106281 0.909468 313.721558 0.000000 0.000000 0.000000 1.000000
0.932618 0.056265 -0.356452 -5.438926 -0.085713 0.994041 -0.067353 97.515015 0.350539 0.093367 0.931883 315.022308 0.000000 0.000000 0.000000 1.000000
0.950315 0.022740 -0.310458 -6.598087 -0.047836 0.996150 -0.073462 98.539520 0.307592 0.084663 0.947744 316.228851 0.000000 0.000000 0.000000 1.000000
0.962658 -0.000884 -0.270720 -7.279869 -0.022012 0.996428 -0.081525 99.203468 0.269825 0.084440 0.959200 317.353546 0.000000 0.000000 0.000000 1.000000
0.971362 -0.009211 -0.237426 -7.594990 -0.013479 0.995503 -0.093769 99.388161 0.237222 0.094284 0.966869 318.427887 0.000000 0.000000 0.000000 1.000000</float_array>
        <technique_common>
          <accessor source="#mixamorig_Hips-Matrix-animation-output-transform-array" count="66" stride="16">
            <param type="float4x4"/>
          </accessor>
        </technique_common>
      </source>
      <source id="mixamorig_Hips-Interpolations">
        <Name_array id="mixamorig_Hips-Interpolations-array" count="66">
 LINEAR LINEAR LINEAR LINEAR LINEAR LINEAR LINEAR LINEAR LINEAR LINEAR LINEAR
LINEAR LINEAR LINEAR LINEAR LINEAR LINEAR LINEAR LINEAR LINEAR LINEAR LINEAR LINEAR
LINEAR LINEAR LINEAR LINEAR LINEAR LINEAR LINEAR LINEAR LINEAR LINEAR LINEAR LINEAR
LINEAR LINEAR LINEAR LINEAR LINEAR LINEAR LINEAR LINEAR LINEAR LINEAR LINEAR LINEAR
LINEAR LINEAR LINEAR LINEAR LINEAR LINEAR LINEAR LINEAR LINEAR LINEAR LINEAR LINEAR
LINEAR LINEAR LINEAR LINEAR LINEAR LINEAR LINEAR</Name_array>
        <technique_common>
          <accessor source="#mixamorig_Hips-Interpolations-array" count="66">
            <param type="name"/>
          </accessor>
        </technique_common>
      </source>
      <sampler id="mixamorig_Hips-Matrix-animation-transform">
        <input semantic="INPUT" source="#mixamorig_Hips-Matrix-animation-input"/>
        <input semantic="OUTPUT" source="#mixamorig_Hips-Matrix-animation-output-transform"/>
        <input semantic="INTERPOLATION" source="#mixamorig_Hips-Interpolations"/>
      </sampler>
      <channel source="#mixamorig_Hips-Matrix-animation-transform" target="mixamorig_Hips/matrix"/>
    </animation>
    <animation id="mixamorig_Spine-anim" name="mixamorig_Spine">
      <source id="mixamorig_Spine-Matrix-animation-input">
        <float_array id="mixamorig_Spine-Matrix-animation-input-array" count="66">

0.000000 0.033333 0.066667 0.100000 0.133333 0.166667 0.200000 0.233333 0.266667 0.300000 0.333333 0.366667 0.400000 0.433333 0.466667 0.500000
0.533333 0.566667 0.600000 0.633333 0.666667 0.700000 0.733333 0.766667 0.800000 0.833333 0.866667 0.900000 0.933333 0.966667 1.000000 1.033333
1.066667 1.100000 1.133333 1.166667 1.200000 1.233333 1.266667 1.300000 1.333333 1.366667 1.400000 1.433333 1.466667 1.500000 1.533333 1.566667
1.600000 1.633333 1.666667 1.700000 1.733333 1.766667 1.800000 1.833333 1.866667 1.900000 1.933333 1.966667 2.000000 2.033333 2.066667 2.100000
2.133333 2.166667</float_array>
        <technique_common>
          <accessor source="#mixamorig_Spine-Matrix-animation-input-array" count="66">
            <param name="TIME" type="float"/>
          </accessor>
        </technique_common>
      </source>
      <source id="mixamorig_Spine-Matrix-animation-output-transform">
        <float_array id="mixamorig_Spine-Matrix-animation-output-transform-array" count="1056">

0.987892 -0.131998 0.081517 0.004700 0.155123 0.832464 -0.531922 5.245300 0.002353 0.538127 0.842860 0.258800 0.000000 0.000000 0.000000 1.000000
0.990578 -0.105911 0.086825 0.004700 0.134303 0.875323 -0.464513 5.245300 -0.026803 0.471798 0.881299 0.258800 0.000000 0.000000 0.000000 1.000000
0.992377 -0.088057 0.086219 0.004700 0.115588 0.907717 -0.403348 5.245300 -0.042745 0.410239 0.910976 0.258800 0.000000 0.000000 0.000000 1.000000
0.993141 -0.085704 0.079535 0.004700 0.108114 0.932148 -0.345559 5.245300 -0.044523 0.351787 0.935020 0.258800 0.000000 0.000000 0.000000 1.000000
0.992371 -0.100624 0.071238 0.004700 0.116585 0.953837 -0.276772 5.245300 -0.040100 0.282966 0.958291 0.258800 0.000000 0.000000 0.000000 1.000000
0.991769 -0.112502 0.061137 0.004700 0.122705 0.971500 -0.202806 5.245300 -0.036578 0.208638 0.977309 0.258800 0.000000 0.000000 0.000000 1.000000
0.992789 -0.109266 0.049302 0.004700 0.115320 0.982845 -0.143938 5.245300 -0.032729 0.148585 0.988358 0.258800 0.000000 0.000000 0.000000 1.000000
0.994116 -0.099283 0.043325 0.004700 0.103930 0.986941 -0.123068 5.245300 -0.030541 0.126846 0.991452 0.258800 0.000000 0.000000 0.000000 1.000000
0.994396 -0.093881 0.048606 0.004700 0.099741 0.985539 -0.136981 5.245300 -0.035044 0.141061 0.989380 0.258800 0.000000 0.000000 0.000000 1.000000
0.994913 -0.088491 0.048138 0.004700 0.095270 0.981817 -0.164192 5.245300 -0.032734 0.167943 0.985253 0.258800 0.000000 0.000000 0.000000 1.000000
0.995233 -0.091168 0.034625 0.004700 0.095862 0.979778 -0.175628 5.245300 -0.017913 0.178110 0.983848 0.258800 0.000000 0.000000 0.000000 1.000000
0.994924 -0.100492 0.005179 0.004700 0.099974 0.981330 -0.164307 5.245300 0.011430 0.163990 0.986396 0.258800 0.000000 0.000000 0.000000 1.000000
0.994385 -0.104443 -0.017020 0.004700 0.101070 0.985033 -0.139624 5.245300 0.031348 0.137120 0.990058 0.258800 0.000000 0.000000 0.000000 1.000000
0.995151 -0.097369 -0.013916 0.004700 0.094862 0.987508 -0.125817 5.245300 0.025993 0.123887 0.991956 0.258800 0.000000 0.000000 0.000000 1.000000
0.996295 -0.085530 0.008945 0.004700 0.085981 0.988713 -0.122694 5.245300 0.001650 0.123008 0.992404 0.258800 0.000000 0.000000 0.000000 1.000000
0.997489 -0.064047 0.030220 0.004700 0.067324 0.989986 -0.124075 5.245300 -0.021971 0.125798 0.991813 0.258800 0.000000 0.000000 0.000000 1.000000
0.998311 -0.037378 0.044474 0.004700 0.041863 0.993631 -0.104615 5.245300 -0.040280 0.106300 0.993518 0.258800 0.000000 0.000000 0.000000 1.000000
0.999229 0.003913 0.039074 0.004700 -0.001283 0.997744 -0.067117 5.245300 -0.039248 0.067015 0.996980 0.258800 0.000000 0.000000 0.000000 1.000000
0.998127 0.051818 0.032503 0.004700 -0.051109 0.998444 -0.022282 5.245300 -0.033607 0.020579 0.999223 0.258800 0.000000 0.000000 0.000000 1.000000
0.995431 0.092431 0.023934 0.004700 -0.092651 0.995665 0.008238 5.245300 -0.023069 -0.010418 0.999680 0.258800 0.000000 0.000000 0.000000 1.000000
0.993235 0.115062 0.015643 0.004700 -0.115493 0.992850 0.030183 5.245300 -0.012058 -0.031785 0.999422 0.258800 0.000000 0.000000 0.000000 1.000000
0.992729 0.120242 -0.005515 0.004700 -0.119993 0.992210 0.033480 5.245300 0.009498 -0.032575 0.999424 0.258800 0.000000 0.000000 0.000000 1.000000
0.993120 0.112476 -0.032581 0.004700 -0.111738 0.993456 0.023658 5.245300 0.035029 -0.019855 0.999189 0.258800 0.000000 0.000000 0.000000 1.000000
0.993766 0.096535 -0.055760 0.004700 -0.095834 0.995282 0.015129 5.245300 0.056957 -0.009691 0.998330 0.258800 0.000000 0.000000 0.000000 1.000000
0.994419 0.079546 -0.069309 0.004700 -0.078375 0.996734 0.019449 5.245300 0.070630 -0.013908 0.997406 0.258800 0.000000 0.000000 0.000000 1.000000
0.995097 0.064595 -0.074897 0.004700 -0.062632 0.997636 0.028274 5.245300 0.076547 -0.023445 0.996790 0.258800 0.000000 0.000000 0.000000 1.000000
0.996061 0.043292 -0.077388 0.004700 -0.041492 0.998833 0.024720 5.245300 0.078367 -0.021412 0.996695 0.258800 0.000000 0.000000 0.000000 1.000000
0.997044 0.008768 -0.076328 0.004700 -0.008763 0.999962 0.000406 5.245300 0.076328 0.000264 0.997083 0.258800 0.000000 0.000000 0.000000 1.000000
0.997398 -0.025174 -0.067550 0.004700 0.022510 0.998950 -0.039905 5.245300 0.068483 0.038280 0.996918 0.258800 0.000000 0.000000 0.000000 1.000000
0.997802 -0.041499 -0.051662 0.004700 0.037134 0.995877 -0.082768 5.245300 0.054883 0.080668 0.995229 0.258800 0.000000 0.000000 0.000000 1.000000
0.998902 -0.025253 -0.039451 0.004700 0.020103 0.991841 -0.125885 5.245300 0.042308 0.124953 0.991260 0.258800 0.000000 0.000000 0.000000 1.000000
0.999371 0.004877 -0.035138 0.004700 -0.010791 0.985360 -0.170147 5.245300 0.033793 0.170419 0.984792 0.258800 0.000000 0.000000 0.000000 1.000000
0.999006 0.034191 -0.028616 0.004700 -0.039664 0.974654 -0.220173 5.245300 0.020363 0.221089 0.975041 0.258800 0.000000 0.000000 0.000000 1.000000
0.998463 0.052085 -0.018918 0.004700 -0.055234 0.962963 -0.263917 5.245300 0.004471 0.264557 0.964360 0.258800 0.000000 0.000000 0.000000 1.000000
0.998366 0.057029 0.003686 0.004700 -0.053151 0.950293 -0.306786 5.245300 -0.020998 0.306088 0.951771 0.258800 0.000000 0.000000 0.000000 1.000000
0.997669 0.051512 0.044758 0.004700 -0.033529 0.941283 -0.335950 5.245300 -0.059435 0.333666 0.940816 0.258800 0.000000 0.000000 0.000000 1.000000
0.994072 0.028424 0.104939 0.004700 0.010214 0.936535 -0.350425 5.245300 -0.108240 0.349420 0.930693 0.258800 0.000000 0.000000 0.000000 1.000000
0.990901 -0.004869 0.134508 0.004700 0.051157 0.937974 -0.342911 5.245300 -0.124495 0.346672 0.929688 0.258800 0.000000 0.000000 0.000000 1.000000
0.984541 -0.035303 0.171561 0.004700 0.090924 0.940180 -0.328321 5.245300 -0.149707 0.338845 0.928855 0.258800 0.000000 0.000000 0.000000 1.000000
0.982660 -0.062153 0.174689 0.004700 0.113389 0.946876 -0.300947 5.245300 -0.146704 0.315537 0.937504 0.258800 0.000000 0.000000 0.000000 1.000000
0.981397 -0.085428 0.171937 0.004700 0.132007 0.950523 -0.281211 5.245300 -0.139407 0.298677 0.944118 0.258800 0.000000 0.000000 0.000000 1.000000
0.979821 -0.106524 0.169126 0.004700 0.147148 0.957086 -0.249669 5.245300 -0.135273 0.269517 0.953447 0.258800 0.000000 0.000000 0.000000 1.000000
0.980896 -0.114806 0.157045 0.004700 0.146563 0.966971 -0.208536 5.245300 -0.127917 0.227569 0.965324 0.258800 0.000000 0.000000 0.000000 1.000000
0.983946 -0.109385 0.141017 0.004700 0.133008 0.976293 -0.170765 5.245300 -0.118995 0.186780 0.975168 0.258800 0.000000 0.000000 0.000000 1.000000
0.987519 -0.091157 0.128441 0.004700 0.109615 0.983361 -0.144861 5.245300 -0.113099 0.157132 0.981080 0.258800 0.000000 0.000000 0.000000 1.000000
0.990239 -0.067595 0.121890 0.004700 0.083395 0.988057 -0.129569 5.245300 -0.111676 0.138469 0.984050 0.258800 0.000000 0.000000 0.000000 1.000000
0.991788 -0.042932 0.120472 0.004700 0.057476 0.991112 -0.119976 5.245300 -0.114250 0.125915 0.985440 0.258800 0.000000 0.000000 0.000000 1.000000
0.993089 -0.015557 0.116325 0.004700 0.028897 0.993073 -0.113892 5.245300 -0.113747 0.116467 0.986660 0.258800 0.000000 0.000000 0.000000 1.000000
0.993742 0.006895 0.111485 0.004700 0.005701 0.993661 -0.112275 5.245300 -0.111552 0.112208 0.987403 0.258800 0.000000 0.000000 0.000000 1.000000
0.994286 0.020510 0.104758 0.004700 -0.008963 0.993944 -0.109522 5.245300 -0.106370 0.107958 0.988449 0.258800 0.000000 0.000000 0.000000 1.000000
0.994840 0.022606 0.098910 0.004700 -0.012641 0.994884 -0.100234 5.245300 -0.100670 0.098467 0.990035 0.258800 0.000000 0.000000 0.000000 1.000000
0.995098 0.019598 0.096929 0.004700 -0.010765 0.995809 -0.090820 5.245300 -0.098303 0.089331 0.991139 0.258800 0.000000 0.000000 0.000000 1.000000
0.994841 0.019893 0.099477 0.004700 -0.010458 0.995472 -0.094482 5.245300 -0.100906 0.092954 0.990544 0.258800 0.000000 0.000000 0.000000 1.000000
0.993970 0.025505 0.106642 0.004700 -0.012376 0.992453 -0.122003 5.245300 -0.108949 0.119948 0.986784 0.258800 0.000000 0.000000 0.000000 1.000000
0.992960 0.032337 0.113951 0.004700 -0.013220 0.986258 -0.164685 5.245300 -0.117710 0.162019 0.979742 0.258800 0.000000 0.000000 0.000000 1.000000
0.992147 0.038122 0.119130 0.004700 -0.013151 0.978936 -0.203743 5.245300 -0.124387 0.200577 0.971749 0.258800 0.000000 0.000000 0.000000 1.000000
0.991924 0.043144 0.119270 0.004700 -0.015118 0.973881 -0.226556 5.245300 -0.125929 0.222923 0.966668 0.258800 0.000000 0.000000 0.000000 1.000000
0.992299 0.045716 0.115124 0.004700 -0.017403 0.971636 -0.235841 5.245300 -0.122640 0.232021 0.964948 0.258800 0.000000 0.000000 0.000000 1.000000
0.993321 0.043609 0.106825 0.004700 -0.016552 0.970107 -0.242111 5.245300 -0.114190 0.238725 0.964350 0.258800 0.000000 0.000000 0.000000 1.000000
0.994181 0.037905 0.100835 0.004700 -0.011113 0.967144 -0.253987 5.245300 -0.107149 0.251389 0.961937 0.258800 0.000000 0.000000 0.000000 1.000000
0.994828 0.032018 0.096400 0.004700 -0.004695 0.962502 -0.271232 5.245300 -0.101470 0.269377 0.957674 0.258800 0.000000 0.000000 0.000000 1.000000
0.995067 0.029395 0.094745 0.004700 -0.000799 0.957432 -0.288656 5.245300 -0.099197 0.287157 0.952733 0.258800 0.000000 0.000000 0.000000 1.000000
0.995419 0.028496 0.091268 0.004700 0.000709 0.952330 -0.305070 5.245300 -0.095611 0.303737 0.947947 0.258800 0.000000 0.000000 0.000000 1.000000
0.995970 0.024005 0.086415 0.004700 0.004854 0.947675 -0.319201 5.245300 -0.089556 0.318334 0.943739 0.258800 0.000000 0.000000 0.000000 1.000000
0.996607 0.014151 0.081085 0.004700 0.013384 0.944142 -0.329267 5.245300 -0.081216 0.329234 0.940749 0.258800 0.000000 0.000000 0.000000 1.000000
0.997011 0.000082 0.077258 0.004700 0.025669 0.942840 -0.332257 5.245300 -0.072869 0.333247 0.940019 0.258800 0.000000 0.000000 0.000000 1.000000</float_array>
        <technique_common>
          <accessor source="#mixamorig_Spine-Matrix-animation-output-transform-array" count="66" stride="16">
            <param type="float4x4"/>
          </accessor>
        </technique_common>
      </source>
      <source id="mixamorig_Spine-Interpolations">
        <Name_array id="mixamorig_Spine-Interpolations-array" count="66">
 LINEAR LINEAR LINEAR LINEAR LINEAR LINEAR LINEAR LINEAR LINEAR LINEAR LINEAR
LINEAR LINEAR LINEAR LINEAR LINEAR LINEAR LINEAR LINEAR LINEAR LINEAR LINEAR LINEAR
LINEAR LINEAR LINEAR LINEAR LINEAR LINEAR LINEAR LINEAR LINEAR LINEAR LINEAR LINEAR
LINEAR LINEAR LINEAR LINEAR LINEAR LINEAR LINEAR LINEAR LINEAR LINEAR LINEAR LINEAR
LINEAR LINEAR LINEAR LINEAR LINEAR LINEAR LINEAR LINEAR LINEAR LINEAR LINEAR LINEAR
LINEAR LINEAR LINEAR LINEAR LINEAR LINEAR LINEAR</Name_array>
        <technique_common>
          <accessor source="#mixamorig_Spine-Interpolations-array" count="66">
            <param type="name"/>
          </accessor>
        </technique_common>
      </source>
      <sampler id="mixamorig_Spine-Matrix-animation-transform">
        <input semantic="INPUT" source="#mixamorig_Spine-Matrix-animation-input"/>
        <input semantic="OUTPUT" source="#mixamorig_Spine-Matrix-animation-output-transform"/>
        <input semantic="INTERPOLATION" source="#mixamorig_Spine-Interpolations"/>
      </sampler>
      <channel source="#mixamorig_Spine-Matrix-animation-transform" target="mixamorig_Spine/matrix"/>
    </animation>
    <animation id="mixamorig_Spine1-anim" name="mixamorig_Spine1">
      <source id="mixamorig_Spine1-Matrix-animation-input">
        <float_array id="mixamorig_Spine1-Matrix-animation-input-array" count="66">

0.000000 0.033333 0.066667 0.100000 0.133333 0.166667 0.200000 0.233333 0.266667 0.300000 0.333333 0.366667 0.400000 0.433333 0.466667 0.500000
0.533333 0.566667 0.600000 0.633333 0.666667 0.700000 0.733333 0.766667 0.800000 0.833333 0.866667 0.900000 0.933333 0.966667 1.000000 1.033333
1.066667 1.100000 1.133333 1.166667 1.200000 1.233333 1.266667 1.300000 1.333333 1.366667 1.400000 1.433333 1.466667 1.500000 1.533333 1.566667
1.600000 1.633333 1.666667 1.700000 1.733333 1.766667 1.800000 1.833333 1.866667 1.900000 1.933333 1.966667 2.000000 2.033333 2.066667 2.100000
2.133333 2.166667</float_array>
        <technique_common>
          <accessor source="#mixamorig_Spine1-Matrix-animation-input-array" count="66">
            <param name="TIME" type="float"/>
          </accessor>
        </technique_common>
      </source>
      <source id="mixamorig_Spine1-Matrix-animation-output-transform">
        <float_array id="mixamorig_Spine1-Matrix-animation-output-transform-array" count="1056">

0.996527 0.075265 0.035614 -0.000000 -0.079043 0.989576 0.120385 11.066900 -0.026181 -0.122782 0.992088 -0.000000 0.000000 0.000000 0.000000 1.000000
0.997011 0.057878 0.051186 0.000000 -0.064161 0.989290 0.131103 11.066900 -0.043050 -0.133995 0.990046 0.000000 0.000000 0.000000 0.000000 1.000000
0.997502 0.047451 0.052327 0.000000 -0.053300 0.991732 0.116731 11.066900 -0.046355 -0.119228 0.991784 0.000000 0.000000 0.000000 0.000000 1.000000
0.998480 0.027155 0.047964 0.000000 -0.031417 0.995404 0.090468 11.066900 -0.045287 -0.091838 0.994744 0.000000 0.000000 0.000000 0.000000 1.000000
0.999202 0.000257 0.039935 0.000000 -0.002744 0.998057 0.062240 11.066900 -0.039841 -0.062300 0.997262 -0.000000 0.000000 0.000000 0.000000 1.000000
0.999211 -0.026315 0.029740 0.000000 0.025071 0.998825 0.041467 11.066900 -0.030796 -0.040689 0.998697 0.000000 0.000000 0.000000 0.000000 1.000000
0.998872 -0.042188 0.021808 0.000000 0.041600 0.998777 0.026736 11.066900 -0.022909 -0.025799 0.999405 -0.000000 0.000000 0.000000 0.000000 1.000000
0.998912 -0.043049 0.017944 0.000000 0.042699 0.998898 0.019483 11.066900 -0.018763 -0.018696 0.999649 -0.000000 0.000000 0.000000 0.000000 1.000000
0.999185 -0.036591 0.017046 -0.000000 0.036301 0.999196 0.017010 11.066900 -0.017655 -0.016378 0.999710 0.000000 0.000000 0.000000 0.000000 1.000000
0.999173 -0.035777 0.019308 0.000000 0.035453 0.999228 0.016909 11.066900 -0.019898 -0.016210 0.999671 0.000000 0.000000 0.000000 0.000000 1.000000
0.999410 -0.032831 0.010110 0.000000 0.032701 0.999383 0.012791 11.066900 -0.010524 -0.012453 0.999867 0.000000 0.000000 0.000000 0.000000 1.000000
0.999513 -0.028368 -0.012973 0.000000 0.028479 0.999559 0.008406 11.066900 0.012728 -0.008771 0.999881 0.000000 0.000000 0.000000 0.000000 1.000000
0.998953 -0.027847 -0.036310 0.000000 0.028228 0.999551 0.010024 11.066900 0.036015 -0.011038 0.999290 0.000000 0.000000 0.000000 0.000000 1.000000
0.998955 -0.025890 -0.037671 -0.000000 0.026787 0.999365 0.023505 11.066900 0.037038 -0.024490 0.999014 0.000000 0.000000 0.000000 0.000000 1.000000
0.999759 -0.017070 -0.013796 -0.000000 0.017515 0.999309 0.032780 11.066900 0.013227 -0.033014 0.999367 0.000000 0.000000 0.000000 0.000000 1.000000
0.999809 -0.013344 0.014275 -0.000000 0.012780 0.999159 0.038955 11.066900 -0.014783 -0.038765 0.999139 0.000000 0.000000 0.000000 0.000000 1.000000
0.999733 -0.008148 0.021626 0.000000 0.007224 0.999072 0.042454 11.066900 -0.021951 -0.042286 0.998864 0.000000 0.000000 0.000000 0.000000 1.000000
0.999725 0.001166 0.023435 -0.000000 -0.002361 0.998695 0.051019 11.066900 -0.023345 -0.051061 0.998423 0.000000 0.000000 0.000000 0.000000 1.000000
0.999454 0.016547 0.028588 0.000000 -0.018272 0.997960 0.061170 11.066900 -0.027517 -0.061659 0.997718 -0.000000 0.000000 0.000000 0.000000 1.000000
0.999002 0.029428 0.033586 0.000000 -0.032002 0.996373 0.078848 11.066900 -0.031144 -0.079844 0.996321 -0.000000 0.000000 0.000000 0.000000 1.000000
0.999022 0.036532 0.024908 0.000000 -0.038525 0.995647 0.084869 11.066900 -0.021699 -0.085745 0.996081 0.000000 0.000000 0.000000 0.000000 1.000000
0.999319 0.036335 0.006480 -0.000000 -0.036744 0.995943 0.082147 11.066900 -0.003469 -0.082329 0.996599 0.000000 0.000000 0.000000 0.000000 1.000000
0.999430 0.029569 -0.016277 0.000000 -0.028261 0.996749 0.075446 11.066900 0.018454 -0.074943 0.997017 -0.000000 0.000000 0.000000 0.000000 1.000000
0.999188 0.018575 -0.035765 0.000000 -0.015933 0.997219 0.072804 11.066900 0.037018 -0.072175 0.996705 0.000000 0.000000 0.000000 0.000000 1.000000
0.998813 0.006485 -0.048281 -0.000000 -0.002829 0.997148 0.075420 11.066900 0.048633 -0.075194 0.995982 -0.000000 0.000000 0.000000 0.000000 1.000000
0.998482 -0.005171 -0.054841 0.000000 0.009531 0.996787 0.079532 11.066900 0.054254 -0.079934 0.995323 0.000000 0.000000 0.000000 0.000000 1.000000
0.998178 -0.016568 -0.058026 0.000000 0.021046 0.996776 0.077427 11.066900 0.056556 -0.078507 0.995308 0.000000 0.000000 0.000000 0.000000 1.000000
0.997813 -0.027184 -0.060252 -0.000000 0.031201 0.997281 0.066767 11.066900 0.058273 -0.068501 0.995948 0.000000 0.000000 0.000000 0.000000 1.000000
0.997417 -0.038509 -0.060633 -0.000000 0.041759 0.997705 0.053291 11.066900 0.058442 -0.055685 0.996737 0.000000 0.000000 0.000000 0.000000 1.000000
0.997606 -0.041801 -0.055088 0.000000 0.044102 0.998176 0.041238 11.066900 0.053264 -0.043569 0.997630 0.000000 0.000000 0.000000 0.000000 1.000000
0.998535 -0.034177 -0.041951 0.000000 0.035555 0.998837 0.032561 11.066900 0.040789 -0.034004 0.998589 -0.000000 0.000000 0.000000 0.000000 1.000000
0.999528 -0.009461 -0.029238 0.000000 0.010148 0.999674 0.023444 11.066900 0.029006 -0.023730 0.999298 0.000000 0.000000 0.000000 0.000000 1.000000
0.999660 0.012610 -0.022806 0.000000 -0.012318 0.999840 0.012933 11.066900 0.022965 -0.012647 0.999656 0.000000 0.000000 0.000000 0.000000 1.000000
0.999686 0.023328 -0.009106 0.000000 -0.023396 0.999699 -0.007447 11.066900 0.008930 0.007658 0.999931 -0.000000 0.000000 0.000000 0.000000 1.000000
0.999503 0.026509 0.017060 0.000000 -0.026050 0.999306 -0.026608 11.066900 -0.017753 0.026150 0.999500 -0.000000 0.000000 0.000000 0.000000 1.000000
0.998542 0.021010 0.049731 0.000000 -0.018635 0.998685 -0.047750 11.066900 -0.050669 0.046754 0.997621 0.000000 0.000000 0.000000 0.000000 1.000000
0.997069 0.006594 0.076223 0.000000 -0.002207 0.998343 -0.057501 11.066900 -0.076476 0.057164 0.995431 0.000000 0.000000 0.000000 0.000000 1.000000
0.993947 -0.013630 0.109009 0.000000 0.019240 0.998535 -0.050574 11.066900 -0.108160 0.052365 0.992753 -0.000000 0.000000 0.000000 0.000000 1.000000
0.992728 -0.030209 0.116523 0.000000 0.033338 0.999131 -0.025000 11.066900 -0.115667 0.028703 0.992873 0.000000 0.000000 0.000000 0.000000 1.000000
0.992151 -0.037648 0.119242 0.000000 0.040297 0.998990 -0.019880 11.066900 -0.118373 0.024529 0.992666 0.000000 0.000000 0.000000 0.000000 1.000000
0.992348 -0.042977 0.115749 0.000000 0.044836 0.998903 -0.013503 11.066900 -0.115042 0.018590 0.993187 0.000000 0.000000 0.000000 0.000000 1.000000
0.992967 -0.049388 0.107600 -0.000000 0.050095 0.998737 -0.003869 11.066900 -0.107273 0.009232 0.994187 -0.000000 0.000000 0.000000 0.000000 1.000000
0.993662 -0.052470 0.099410 0.000000 0.051942 0.998619 0.007894 11.066900 -0.099687 -0.002680 0.995015 0.000000 0.000000 0.000000 0.000000 1.000000
0.994680 -0.046354 0.091992 -0.000000 0.045113 0.998861 0.015523 11.066900 -0.092607 -0.011290 0.995639 0.000000 0.000000 0.000000 0.000000 1.000000
0.995449 -0.037249 0.087710 0.000000 0.035708 0.999180 0.019073 11.066900 -0.088349 -0.015854 0.995963 0.000000 0.000000 0.000000 0.000000 1.000000
0.995807 -0.027051 0.087385 0.000000 0.025340 0.999466 0.020632 11.066900 -0.087896 -0.018331 0.995961 0.000000 0.000000 0.000000 0.000000 1.000000
0.995919 -0.015153 0.088967 0.000000 0.013379 0.999700 0.020512 11.066900 -0.089251 -0.019238 0.995823 0.000000 0.000000 0.000000 0.000000 1.000000
0.995760 -0.005075 0.091844 0.000000 0.003337 0.999813 0.019074 11.066900 -0.091924 -0.018687 0.995591 0.000000 0.000000 0.000000 0.000000 1.000000
0.995840 0.004912 0.090987 0.000000 -0.006617 0.999808 0.018444 11.066900 -0.090879 -0.018969 0.995681 0.000000 0.000000 0.000000 0.000000 1.000000
0.996117 0.011076 0.087340 0.000000 -0.012683 0.999760 0.017857 11.066900 -0.087121 -0.018896 0.996019 -0.000000 0.000000 0.000000 0.000000 1.000000
0.996430 0.013005 0.083417 0.000000 -0.014498 0.999745 0.017314 11.066900 -0.083170 -0.018461 0.996364 0.000000 0.000000 0.000000 0.000000 1.000000
0.996600 0.011434 0.081599 0.000000 -0.013048 0.999729 0.019277 11.066900 -0.081357 -0.020276 0.996479 0.000000 0.000000 0.000000 0.000000 1.000000
0.996455 0.009306 0.083606 0.000000 -0.011036 0.999734 0.020265 11.066900 -0.083395 -0.021115 0.996293 0.000000 0.000000 0.000000 0.000000 1.000000
0.995977 0.009572 0.089099 0.000000 -0.010814 0.999851 0.013468 11.066900 -0.088957 -0.014378 0.995932 0.000000 0.000000 0.000000 0.000000 1.000000
0.995257 0.010717 0.096691 -0.000000 -0.010348 0.999937 -0.004317 11.066900 -0.096731 0.003296 0.995305 -0.000000 0.000000 0.000000 0.000000 1.000000
0.994660 0.010651 0.102651 -0.000000 -0.008387 0.999713 -0.022456 11.066900 -0.102860 0.021475 0.994464 0.000000 0.000000 0.000000 0.000000 1.000000
0.994455 0.009354 0.104743 0.000000 -0.006197 0.999518 -0.030428 11.066900 -0.104977 0.029610 0.994034 0.000000 0.000000 0.000000 0.000000 1.000000
0.994926 0.008027 0.100288 0.000000 -0.004951 0.999511 -0.030878 11.066900 -0.100487 0.030225 0.994479 0.000000 0.000000 0.000000 0.000000 1.000000
0.995785 0.006297 0.091501 0.000000 -0.003425 0.999497 -0.031513 11.066900 -0.091653 0.031067 0.995306 0.000000 0.000000 0.000000 0.000000 1.000000
0.996716 0.003863 0.080886 0.000000 -0.001331 0.999508 -0.031326 11.066900 -0.080967 0.031116 0.996231 0.000000 0.000000 0.000000 0.000000 1.000000
0.997393 0.004039 0.072043 0.000000 -0.002094 0.999632 -0.027044 11.066900 -0.072125 0.026822 0.997035 0.000000 0.000000 0.000000 0.000000 1.000000
0.997989 0.007135 0.062991 0.000000 -0.005860 0.999775 -0.020404 11.066900 -0.063122 0.019994 0.997806 0.000000 0.000000 0.000000 0.000000 1.000000
0.998517 0.011205 0.053269 0.000000 -0.010562 0.999868 -0.012334 11.066900 -0.053400 0.011753 0.998504 0.000000 0.000000 0.000000 0.000000 1.000000
0.999008 0.014250 0.042199 -0.000000 -0.014082 0.999892 -0.004283 11.066900 -0.042255 0.003684 0.999100 -0.000000 0.000000 0.000000 0.000000 1.000000
0.999393 0.014519 0.031674 0.000000 -0.014614 0.999889 0.002753 11.066900 -0.031630 -0.003215 0.999494 0.000000 0.000000 0.000000 0.000000 1.000000
0.999658 0.011649 0.023412 0.000000 -0.011802 0.999910 0.006385 11.066900 -0.023335 -0.006659 0.999706 -0.000000 0.000000 0.000000 0.000000 1.000000</float_array>
        <technique_common>
          <accessor source="#mixamorig_Spine1-Matrix-animation-output-transform-array" count="66" stride="16">
            <param type="float4x4"/>
          </accessor>
        </technique_common>
      </source>
      <source id="mixamorig_Spine1-Interpolations">
        <Name_array id="mixamorig_Spine1-Interpolations-array" count="66">
 LINEAR LINEAR LINEAR LINEAR LINEAR LINEAR LINEAR LINEAR LINEAR LINEAR LINEAR
LINEAR LINEAR LINEAR LINEAR LINEAR LINEAR LINEAR LINEAR LINEAR LINEAR LINEAR LINEAR
LINEAR LINEAR LINEAR LINEAR LINEAR LINEAR LINEAR LINEAR LINEAR LINEAR LINEAR LINEAR
LINEAR LINEAR LINEAR LINEAR LINEAR LINEAR LINEAR LINEAR LINEAR LINEAR LINEAR LINEAR
LINEAR LINEAR LINEAR LINEAR LINEAR LINEAR LINEAR LINEAR LINEAR LINEAR LINEAR LINEAR
LINEAR LINEAR LINEAR LINEAR LINEAR LINEAR LINEAR</Name_array>
        <technique_common>
          <accessor source="#mixamorig_Spine1-Interpolations-array" count="66">
            <param type="name"/>
          </accessor>
        </technique_common>
      </source>
      <sampler id="mixamorig_Spine1-Matrix-animation-transform">
        <input semantic="INPUT" source="#mixamorig_Spine1-Matrix-animation-input"/>
        <input semantic="OUTPUT" source="#mixamorig_Spine1-Matrix-animation-output-transform"/>
        <input semantic="INTERPOLATION" source="#mixamorig_Spine1-Interpolations"/>
      </sampler>
      <channel source="#mixamorig_Spine1-Matrix-animation-transform" target="mixamorig_Spine1/matrix"/>
    </animation>
    <animation id="mixamorig_Spine2-anim" name="mixamorig_Spine2">
      <source id="mixamorig_Spine2-Matrix-animation-input">
        <float_array id="mixamorig_Spine2-Matrix-animation-input-array" count="66">

0.000000 0.033333 0.066667 0.100000 0.133333 0.166667 0.200000 0.233333 0.266667 0.300000 0.333333 0.366667 0.400000 0.433333 0.466667 0.500000
0.533333 0.566667 0.600000 0.633333 0.666667 0.700000 0.733333 0.766667 0.800000 0.833333 0.866667 0.900000 0.933333 0.966667 1.000000 1.033333
1.066667 1.100000 1.133333 1.166667 1.200000 1.233333 1.266667 1.300000 1.333333 1.366667 1.400000 1.433333 1.466667 1.500000 1.533333 1.566667
1.600000 1.633333 1.666667 1.700000 1.733333 1.766667 1.800000 1.833333 1.866667 1.900000 1.933333 1.966667 2.000000 2.033333 2.066667 2.100000
2.133333 2.166667</float_array>
        <technique_common>
          <accessor source="#mixamorig_Spine2-Matrix-animation-input-array" count="66">
            <param name="TIME" type="float"/>
          </accessor>
        </technique_common>
      </source>
      <source id="mixamorig_Spine2-Matrix-animation-output-transform">
        <float_array id="mixamorig_Spine2-Matrix-animation-output-transform-array" count="1056">

0.998379 0.056608 -0.005867 -0.000000 -0.056910 0.993390 -0.099685 8.141900 0.000186 0.099857 0.995002 -0.000000 0.000000 0.000000 0.000000 1.000000
0.998962 0.043443 0.013699 0.000000 -0.042055 0.995133 -0.089112 8.141900 -0.017504 0.088443 0.995927 0.000000 0.000000 0.000000 0.000000 1.000000
0.999149 0.036126 0.019908 0.000000 -0.033926 0.994251 -0.101562 8.141900 -0.023463 0.100800 0.994630 -0.000000 0.000000 0.000000 0.000000 1.000000
0.999525 0.019431 0.023905 0.000000 -0.016281 0.991950 -0.125577 8.141900 -0.026153 0.125128 0.991796 -0.000000 0.000000 0.000000 0.000000 1.000000
