<?xml version="1.0" encoding="utf-8"?>
<COLLADA xmlns="http://www.collada.org/2005/11/COLLADASchema" version="1.4.1">
  <asset>
    <contributor>
      <author>Mixamo</author>
      <authoring_tool>COLLADA Mixamo exporter</authoring_tool>
      <comments/>
    </contributor>
    <created>2024-02-27T12:12:17Z</created>
    <modified>2024-02-27T12:12:17Z</modified>
    <revision/>
    <title/>
    <unit meter="0.010000"/>
    <up_axis>Y_UP</up_axis>
  </asset>
  <library_animations>
    <animation id="mixamorig_Hips-anim" name="mixamorig_Hips">
      <source id="mixamorig_Hips-Matrix-animation-input">
        <float_array id="mixamorig_Hips-Matrix-animation-input-array" count="23">

0.000000 0.033333 0.066667 0.100000 0.133333 0.166667 0.200000 0.233333 0.266667 0.300000 0.333333 0.366667 0.400000 0.433333 0.466667 0.500000
0.533333 0.566667 0.600000 0.633333 0.666667 0.700000 0.733333</float_array>
        <technique_common>
          <accessor source="#mixamorig_Hips-Matrix-animation-input-array" count="23">
            <param name="TIME" type="float"/>
          </accessor>
        </technique_common>
      </source>
      <source id="mixamorig_Hips-Matrix-animation-output-transform">
        <float_array id="mixamorig_Hips-Matrix-animation-output-transform-array" count="368">

0.926789 0.060701 -0.370644 -0.001667 -0.143554 0.969175 -0.200232 98.396355 0.347065 0.238780 0.906935 0.000112 0.000000 0.000000 0.000000 1.000000
0.908914 0.056099 -0.413194 0.079313 -0.120339 0.984037 -0.131111 97.608322 0.399242 0.168891 0.901155 1.599922 0.000000 0.000000 0.000000 1.000000
0.887790 0.049159 -0.457616 0.108824 -0.094548 0.992553 -0.076802 97.189529 0.450433 0.111451 0.885827 2.944348 0.000000 0.000000 0.000000 1.000000
0.868996 0.039822 -0.493213 0.191655 -0.073518 0.996084 -0.049108 97.480865 0.489326 0.078935 0.868521 3.756645 0.000000 0.000000 0.000000 1.000000
0.860161 0.029867 -0.509147 0.532462 -0.065332 0.996512 -0.051916 98.540672 0.505821 0.077920 0.859112 3.800317 0.000000 0.000000 0.000000 1.000000
0.862863 0.020637 -0.505016 1.325404 -0.070084 0.994399 -0.079108 99.953140 0.500555 0.103653 0.859477 3.052592 0.000000 0.000000 0.000000 1.000000
0.870133 0.009703 -0.492721 2.576905 -0.078892 0.989655 -0.119832 101.019958 0.486461 0.143141 0.861897 1.796353 0.000000 0.000000 0.000000 1.000000
0.873966 -0.007628 -0.485928 4.042655 -0.082054 0.983206 -0.163012 101.161621 0.479011 0.182339 0.858663 0.505231 0.000000 0.000000 0.000000 1.000000
0.872151 -0.032551 -0.488152 5.318475 -0.075175 0.977018 -0.199460 100.284470 0.483426 0.210656 0.849661 -0.385047 0.000000 0.000000 0.000000 1.000000
0.868615 -0.058562 -0.492015 6.021421 -0.059559 0.973451 -0.221013 98.810242 0.491895 0.221279 0.842066 -0.647240 0.000000 0.000000 0.000000 1.000000
0.869128 -0.074375 -0.488963 5.947949 -0.040549 0.974585 -0.220317 97.438148 0.492922 0.211311 0.844023 -0.284973 0.000000 0.000000 0.000000 1.000000
0.876003 -0.072873 -0.476769 5.133569 -0.025048 0.980312 -0.195860 96.784035 0.481655 0.183516 0.856931 0.556768 0.000000 0.000000 0.000000 1.000000
0.886692 -0.056625 -0.458880 3.819604 -0.018534 0.987322 -0.157646 97.101692 0.461989 0.148289 0.874401 1.692412 0.000000 0.000000 0.000000 1.000000
0.897582 -0.035646 -0.439403 2.351774 -0.021654 0.991958 -0.124704 98.209305 0.440315 0.121446 0.889592 2.934412 0.000000 0.000000 0.000000 1.000000
0.907417 -0.019727 -0.419768 1.060753 -0.031311 0.992947 -0.114350 99.598747 0.419063 0.116907 0.900399 4.049943 0.000000 0.000000 0.000000 1.000000
0.916382 -0.012971 -0.400094 0.156805 -0.043911 0.990186 -0.132677 100.724159 0.397888 0.139151 0.906820 4.717160 0.000000 0.000000 0.000000 1.000000
0.923560 -0.012720 -0.383244 -0.307840 -0.058351 0.983148 -0.173249 101.235420 0.378989 0.182368 0.907254 4.636517 0.000000 0.000000 0.000000 1.000000
0.926790 -0.012943 -0.375357 -0.408629 -0.076501 0.971949 -0.222402 101.085312 0.367706 0.234835 0.899803 3.725736 0.000000 0.000000 0.000000 1.000000
0.924740 -0.008405 -0.380507 -0.293494 -0.100379 0.958973 -0.265133 100.514526 0.367125 0.283374 0.885956 2.242564 0.000000 0.000000 0.000000 1.000000
0.919029 0.002940 -0.394179 -0.110954 -0.126809 0.949022 -0.288578 99.815262 0.373236 0.315197 0.872551 0.712869 0.000000 0.000000 0.000000 1.000000
0.914704 0.020005 -0.403629 0.025448 -0.146436 0.947306 -0.284900 99.203255 0.376661 0.319705 0.869434 -0.304579 0.000000 0.000000 0.000000 1.000000
0.916867 0.040109 -0.397174 0.062573 -0.151763 0.955257 -0.253875 98.748322 0.369220 0.293046 0.881930 -0.524225 0.000000 0.000000 0.000000 1.000000
0.926789 0.060701 -0.370644 0.000818 -0.143554 0.969175 -0.200232 98.396339 0.347065 0.238780 0.906935 0.000113 0.000000 0.000000 0.000000 1.000000</float_array>
        <technique_common>
          <accessor source="#mixamorig_Hips-Matrix-animation-output-transform-array" count="23" stride="16">
            <param type="float4x4"/>
          </accessor>
        </technique_common>
      </source>
      <source id="mixamorig_Hips-Interpolations">
        <Name_array id="mixamorig_Hips-Interpolations-array" count="23">
 LINEAR LINEAR LINEAR LINEAR LINEAR LINEAR LINEAR LINEAR LINEAR LINEAR LINEAR
LINEAR LINEAR LINEAR LINEAR LINEAR LINEAR LINEAR LINEAR LINEAR LINEAR LINEAR LINEAR</Name_array>
        <technique_common>
          <accessor source="#mixamorig_Hips-Interpolations-array" count="23">
            <param type="name"/>
          </accessor>
        </technique_common>
      </source>
      <sampler id="mixamorig_Hips-Matrix-animation-transform">
        <input semantic="INPUT" source="#mixamorig_Hips-Matrix-animation-input"/>
        <input semantic="OUTPUT" source="#mixamorig_Hips-Matrix-animation-output-transform"/>
        <input semantic="INTERPOLATION" source="#mixamorig_Hips-Interpolations"/>
      </sampler>
      <channel source="#mixamorig_Hips-Matrix-animation-transform" target="mixamorig_Hips/matrix"/>
    </animation>
    <animation id="mixamorig_Spine-anim" name="mixamorig_Spine">
      <source id="mixamorig_Spine-Matrix-animation-input">
        <float_array id="mixamorig_Spine-Matrix-animation-input-array" count="23">

0.000000 0.033333 0.066667 0.100000 0.133333 0.166667 0.200000 0.233333 0.266667 0.300000 0.333333 0.366667 0.400000 0.433333 0.466667 0.500000
0.533333 0.566667 0.600000 0.633333 0.666667 0.700000 0.733333</float_array>
        <technique_common>
          <accessor source="#mixamorig_Spine-Matrix-animation-input-array" count="23">
            <param name="TIME" type="float"/>
          </accessor>
        </technique_common>
      </source>
      <source id="mixamorig_Spine-Matrix-animation-output-transform">
        <float_array id="mixamorig_Spine-Matrix-animation-output-transform-array" count="368">

0.987896 -0.131981 0.081498 0.004700 0.155097 0.832467 -0.531924 5.245300 0.002360 0.538126 0.842861 0.258800 0.000000 0.000000 0.000000 1.000000
0.997003 -0.076164 0.013582 0.004700 0.071207 0.834746 -0.546012 5.245300 0.030249 0.545342 0.837667 0.258800 0.000000 0.000000 0.000000 1.000000
0.999059 -0.014137 -0.040993 0.004700 -0.010836 0.833982 -0.551685 5.245300 0.041986 0.551610 0.833045 0.258800 0.000000 0.000000 0.000000 1.000000
0.995654 0.040508 -0.083856 0.004700 -0.080130 0.831470 -0.549761 5.245300 0.047454 0.554092 0.831102 0.258800 0.000000 0.000000 0.000000 1.000000
0.990397 0.073046 -0.117376 0.004700 -0.125769 0.828568 -0.545580 5.245300 0.057402 0.555103 0.829798 0.258800 0.000000 0.000000 0.000000 1.000000
0.986977 0.078955 -0.140152 0.004700 -0.143437 0.826350 -0.544583 5.245300 0.072818 0.557594 0.826914 0.258800 0.000000 0.000000 0.000000 1.000000
0.986942 0.070541 -0.144812 0.004700 -0.139530 0.823589 -0.549757 5.245300 0.080485 0.562784 0.822677 0.258800 0.000000 0.000000 0.000000 1.000000
0.990230 0.064605 -0.123576 0.004700 -0.122785 0.824017 -0.553100 5.245300 0.066096 0.562869 0.823899 0.258800 0.000000 0.000000 0.000000 1.000000
0.994619 0.068479 -0.077745 0.004700 -0.100102 0.828632 -0.550771 5.245300 0.026705 0.555589 0.831028 0.258800 0.000000 0.000000 0.000000 1.000000
0.996654 0.079863 -0.017429 0.004700 -0.076482 0.835826 -0.543641 5.245300 -0.028849 0.543154 0.839137 0.258800 0.000000 0.000000 0.000000 1.000000
0.994746 0.091526 0.045861 0.004700 -0.052912 0.843169 -0.535038 5.245300 -0.087639 0.529801 0.843582 0.258800 0.000000 0.000000 0.000000 1.000000
0.989778 0.096867 0.104675 0.004700 -0.026853 0.847398 -0.530278 5.245300 -0.140068 0.522047 0.841337 0.258800 0.000000 0.000000 0.000000 1.000000
0.983285 0.093104 0.156466 0.004700 0.003287 0.850148 -0.526533 5.245300 -0.182042 0.518246 0.835632 0.258800 0.000000 0.000000 0.000000 1.000000
0.976683 0.079462 0.199441 0.004700 0.035221 0.857089 -0.513964 5.245300 -0.211779 0.509004 0.834305 0.258800 0.000000 0.000000 0.000000 1.000000
0.971707 0.058841 0.228742 0.004700 0.063026 0.868757 -0.491212 5.245300 -0.227624 0.491731 0.840469 0.258800 0.000000 0.000000 0.000000 1.000000
0.969982 0.034735 0.240683 0.004700 0.083456 0.882085 -0.463638 5.245300 -0.228407 0.469807 0.852708 0.258800 0.000000 0.000000 0.000000 1.000000
0.971067 0.007787 0.238679 0.004700 0.100463 0.893402 -0.437881 5.245300 -0.216646 0.449190 0.866772 0.258800 0.000000 0.000000 0.000000 1.000000
0.972639 -0.020185 0.231445 0.004700 0.118416 0.900170 -0.419132 5.245300 -0.199880 0.435070 0.877930 0.258800 0.000000 0.000000 0.000000 1.000000
0.973373 -0.046245 0.224512 0.004700 0.138186 0.899839 -0.413757 5.245300 -0.182890 0.433764 0.882270 0.258800 0.000000 0.000000 0.000000 1.000000
0.974245 -0.069277 0.214585 0.004700 0.156841 0.891915 -0.424132 5.245300 -0.162008 0.446864 0.879810 0.258800 0.000000 0.000000 0.000000 1.000000
0.977396 -0.090465 0.191085 0.004700 0.169151 0.876813 -0.450096 5.245300 -0.126828 0.472244 0.872296 0.258800 0.000000 0.000000 0.000000 1.000000
0.983053 -0.110631 0.146178 0.004700 0.169033 0.855645 -0.489183 5.245300 -0.070957 0.505601 0.859844 0.258800 0.000000 0.000000 0.000000 1.000000
0.987896 -0.131981 0.081498 0.004700 0.155097 0.832467 -0.531924 5.245300 0.002360 0.538126 0.842861 0.258800 0.000000 0.000000 0.000000 1.000000</float_array>
        <technique_common>
          <accessor source="#mixamorig_Spine-Matrix-animation-output-transform-array" count="23" stride="16">
            <param type="float4x4"/>
          </accessor>
        </technique_common>
      </source>
      <source id="mixamorig_Spine-Interpolations">
        <Name_array id="mixamorig_Spine-Interpolations-array" count="23">
 LINEAR LINEAR LINEAR LINEAR LINEAR LINEAR LINEAR LINEAR LINEAR LINEAR LINEAR
LINEAR LINEAR LINEAR LINEAR LINEAR LINEAR LINEAR LINEAR LINEAR LINEAR LINEAR LINEAR</Name_array>
        <technique_common>
          <accessor source="#mixamorig_Spine-Interpolations-array" count="23">
            <param type="name"/>
          </accessor>
        </technique_common>
      </source>
      <sampler id="mixamorig_Spine-Matrix-animation-transform">
        <input semantic="INPUT" source="#mixamorig_Spine-Matrix-animation-input"/>
        <input semantic="OUTPUT" source="#mixamorig_Spine-Matrix-animation-output-transform"/>
        <input semantic="INTERPOLATION" source="#mixamorig_Spine-Interpolations"/>
      </sampler>
      <channel source="#mixamorig_Spine-Matrix-animation-transform" target="mixamorig_Spine/matrix"/>
    </animation>
    <animation id="mixamorig_Spine1-anim" name="mixamorig_Spine1">
      <source id="mixamorig_Spine1-Matrix-animation-input">
        <float_array id="mixamorig_Spine1-Matrix-animation-input-array" count="23">

0.000000 0.033333 0.066667 0.100000 0.133333 0.166667 0.200000 0.233333 0.266667 0.300000 0.333333 0.366667 0.400000 0.433333 0.466667 0.500000
0.533333 0.566667 0.600000 0.633333 0.666667 0.700000 0.733333</float_array>
        <technique_common>
          <accessor source="#mixamorig_Spine1-Matrix-animation-input-array" count="23">
            <param name="TIME" type="float"/>
          </accessor>
        </technique_common>
      </source>
      <source id="mixamorig_Spine1-Matrix-animation-output-transform">
        <float_array id="mixamorig_Spine1-Matrix-animation-output-transform-array" count="368">

0.996527 0.075266 0.035614 -0.000000 -0.079043 0.989576 0.120385 11.066900 -0.026182 -0.122782 0.992088 0.000000 0.000000 0.000000 0.000000 1.000000
0.995363 0.073726 0.061782 -0.000000 -0.080471 0.990108 0.114934 11.066900 -0.052698 -0.119373 0.991450 0.000000 0.000000 0.000000 0.000000 1.000000
0.993954 0.070446 0.084217 0.000000 -0.080142 0.989782 0.117932 11.066900 -0.075048 -0.123968 0.989444 0.000000 0.000000 0.000000 0.000000 1.000000
0.992609 0.067093 0.101126 0.000000 -0.079505 0.989069 0.124182 11.066900 -0.091689 -0.131304 0.987093 -0.000000 0.000000 0.000000 0.000000 1.000000
0.991683 0.065058 0.111052 0.000000 -0.079127 0.988692 0.127388 11.066900 -0.101508 -0.135115 0.985616 0.000000 0.000000 0.000000 0.000000 1.000000
0.991345 0.064599 0.114292 0.000000 -0.078767 0.989133 0.124147 11.066900 -0.105031 -0.132075 0.985660 -0.000000 0.000000 0.000000 0.000000 1.000000
0.991720 0.062388 0.112242 0.000000 -0.075886 0.989832 0.120310 11.066900 -0.103595 -0.127831 0.986371 0.000000 0.000000 0.000000 0.000000 1.000000
0.992575 0.058539 0.106624 0.000000 -0.071152 0.990387 0.118618 11.066900 -0.098655 -0.125324 0.987199 -0.000000 0.000000 0.000000 0.000000 1.000000
0.993392 0.057368 0.099404 -0.000000 -0.069457 0.990002 0.122770 11.066900 -0.091367 -0.128863 0.987444 0.000000 0.000000 0.000000 0.000000 1.000000
0.993799 0.062459 0.091994 0.000000 -0.074088 0.988878 0.128960 11.066900 -0.082916 -0.134976 0.987374 0.000000 0.000000 0.000000 0.000000 1.000000
0.993717 0.073988 0.083976 -0.000000 -0.084279 0.988382 0.126485 11.066900 -0.073642 -0.132767 0.988408 0.000000 0.000000 0.000000 0.000000 1.000000
0.993147 0.088670 0.076140 0.000000 -0.096800 0.989125 0.110728 11.066900 -0.065493 -0.117340 0.990930 0.000000 0.000000 0.000000 0.000000 1.000000
0.992326 0.101792 0.070193 0.000000 -0.107573 0.990626 0.084192 11.066900 -0.060965 -0.091097 0.993974 0.000000 0.000000 0.000000 0.000000 1.000000
0.991610 0.110587 0.066940 -0.000000 -0.114338 0.991915 0.055057 11.066900 -0.060310 -0.062249 0.996237 -0.000000 0.000000 0.000000 0.000000 1.000000
0.991385 0.112420 0.067215 -0.000000 -0.115178 0.992592 0.038660 11.066900 -0.062371 -0.046069 0.996989 0.000000 0.000000 0.000000 0.000000 1.000000
0.991758 0.107132 0.070274 0.000000 -0.110381 0.992911 0.044086 11.066900 -0.065053 -0.051479 0.996553 -0.000000 0.000000 0.000000 0.000000 1.000000
0.992420 0.099027 0.072770 0.000000 -0.103986 0.992262 0.067841 11.066900 -0.065489 -0.074894 0.995039 -0.000000 0.000000 0.000000 0.000000 1.000000
0.993227 0.090694 0.072623 0.000000 -0.097624 0.990350 0.098369 11.066900 -0.063001 -0.104793 0.992497 0.000000 0.000000 0.000000 0.000000 1.000000
0.994078 0.082548 0.070671 0.000000 -0.091046 0.987720 0.126966 11.066900 -0.059322 -0.132648 0.989386 0.000000 0.000000 0.000000 0.000000 1.000000
0.994957 0.075055 0.066539 -0.000000 -0.084122 0.985699 0.146014 11.066900 -0.054628 -0.150875 0.987042 0.000000 0.000000 0.000000 0.000000 1.000000
0.995747 0.070430 0.059395 -0.000000 -0.078690 0.985442 0.150705 11.066900 -0.047916 -0.154738 0.986793 0.000000 0.000000 0.000000 0.000000 1.000000
0.996326 0.070095 0.049202 0.000000 -0.076445 0.986910 0.142000 11.066900 -0.038604 -0.145240 0.988643 -0.000000 0.000000 0.000000 0.000000 1.000000
0.996527 0.075265 0.035614 0.000000 -0.079043 0.989575 0.120385 11.066900 -0.026182 -0.122782 0.992088 0.000000 0.000000 0.000000 0.000000 1.000000</float_array>
        <technique_common>
          <accessor source="#mixamorig_Spine1-Matrix-animation-output-transform-array" count="23" stride="16">
            <param type="float4x4"/>
          </accessor>
        </technique_common>
      </source>
      <source id="mixamorig_Spine1-Interpolations">
        <Name_array id="mixamorig_Spine1-Interpolations-array" count="23">
 LINEAR LINEAR LINEAR LINEAR LINEAR LINEAR LINEAR LINEAR LINEAR LINEAR LINEAR
LINEAR LINEAR LINEAR LINEAR LINEAR LINEAR LINEAR LINEAR LINEAR LINEAR LINEAR LINEAR</Name_array>
        <technique_common>
          <accessor source="#mixamorig_Spine1-Interpolations-array" count="23">
            <param type="name"/>
          </accessor>
        </technique_common>
      </source>
      <sampler id="mixamorig_Spine1-Matrix-animation-transform">
        <input semantic="INPUT" source="#mixamorig_Spine1-Matrix-animation-input"/>
        <input semantic="OUTPUT" source="#mixamorig_Spine1-Matrix-animation-output-transform"/>
        <input semantic="INTERPOLATION" source="#mixamorig_Spine1-Interpolations"/>
      </sampler>
      <channel source="#mixamorig_Spine1-Matrix-animation-transform" target="mixamorig_Spine1/matrix"/>
    </animation>
    <animation id="mixamorig_Spine2-anim" name="mixamorig_Spine2">
      <source id="mixamorig_Spine2-Matrix-animation-input">
        <float_array id="mixamorig_Spine2-Matrix-animation-input-array" count="23">

0.000000 0.033333 0.066667 0.100000 0.133333 0.166667 0.200000 0.233333 0.266667 0.300000 0.333333 0.366667 0.400000 0.433333 0.466667 0.500000
0.533333 0.566667 0.600000 0.633333 0.666667 0.700000 0.733333</float_array>
        <technique_common>
          <accessor source="#mixamorig_Spine2-Matrix-animation-input-array" count="23">
            <param name="TIME" type="float"/>
          </accessor>
        </technique_common>
      </source>
      <source id="mixamorig_Spine2-Matrix-animation-output-transform">
        <float_array id="mixamorig_Spine2-Matrix-animation-output-transform-array" count="368">

0.998379 0.056608 -0.005867 0.000000 -0.056911 0.993390 -0.099684 8.141900 0.000186 0.099857 0.995002 0.000000 0.000000 0.000000 0.000000 1.000000
0.998193 0.056441 0.020620 -0.000000 -0.054032 0.993215 -0.102982 8.141900 -0.026293 0.101682 0.994469 -0.000000 0.000000 0.000000 0.000000 1.000000
0.997559 0.055069 0.042943 0.000000 -0.050655 0.993910 -0.097858 8.141900 -0.048070 0.095444 0.994273 0.000000 0.000000 0.000000 0.000000 1.000000
0.996797 0.053354 0.059567 0.000000 -0.047875 0.994799 -0.089903 8.141900 -0.064054 0.086764 0.994168 0.000000 0.000000 0.000000 0.000000 1.000000
0.996231 0.052068 0.069374 0.000000 -0.046046 0.995253 -0.085738 8.141900 -0.073509 0.082221 0.993900 -0.000000 0.000000 0.000000 0.000000 1.000000
0.996034 0.051000 0.072909 0.000000 -0.044450 0.995057 -0.088799 8.141900 -0.077078 0.085206 0.993378 0.000000 0.000000 0.000000 0.000000 1.000000
0.996307 0.047708 0.071395 0.000000 -0.040986 0.994839 -0.092825 8.141900 -0.075455 0.089556 0.993119 -0.000000 0.000000 0.000000 0.000000 1.000000
0.996884 0.043033 0.066105 0.000000 -0.036654 0.994816 -0.094851 8.141900 -0.069844 0.092133 0.993294 -0.000000 0.000000 0.000000 0.000000 1.000000
0.997401 0.042714 0.058027 0.000000 -0.037301 0.995119 -0.091365 8.141900 -0.061646 0.088963 0.994125 0.000000 0.000000 0.000000 0.000000 1.000000
0.997581 0.050049 0.048244 0.000000 -0.045755 0.995214 -0.086341 8.141900 -0.052335 0.083925 0.995097 0.000000 0.000000 0.000000 0.000000 1.000000
0.997246 0.063068 0.039020 0.000000 -0.059329 0.994126 -0.090519 8.141900 -0.044499 0.087954 0.995130 0.000000 0.000000 0.000000 0.000000 1.000000
0.996457 0.077792 0.031955 -0.000000 -0.073928 0.991385 -0.108126 8.141900 -0.040091 0.105381 0.993623 -0.000000 0.000000 0.000000 0.000000 1.000000
0.995530 0.089939 0.028842 0.000000 -0.085216 0.986985 -0.136377 8.141900 -0.040732 0.133309 0.990237 -0.000000 0.000000 0.000000 0.000000 1.000000
0.994853 0.096678 0.030336 0.000000 -0.090308 0.981772 -0.167235 8.141900 -0.045951 0.163634 0.985450 0.000000 0.000000 0.000000 0.000000 1.000000
0.994706 0.097260 0.033173 -0.000000 -0.089549 0.978755 -0.184442 8.141900 -0.050408 0.180495 0.982283 0.000000 0.000000 0.000000 0.000000 1.000000
0.995086 0.093011 0.033955 0.000000 -0.085516 0.980168 -0.178764 8.141900 -0.049909 0.174982 0.983306 -0.000000 0.000000 0.000000 0.000000 1.000000
0.995696 0.086658 0.032847 0.000000 -0.080602 0.984693 -0.154540 8.141900 -0.045736 0.151228 0.987440 0.000000 0.000000 0.000000 0.000000 1.000000
0.996376 0.079225 0.030945 0.000000 -0.074852 0.989541 -0.123313 8.141900 -0.040391 0.120550 0.991885 0.000000 0.000000 0.000000 0.000000 1.000000
0.997055 0.071435 0.027899 0.000000 -0.068531 0.993215 -0.093960 8.141900 -0.034421 0.091771 0.995185 0.000000 0.000000 0.000000 0.000000 1.000000
0.997679 0.063912 0.023494 0.000000 -0.062002 0.995286 -0.074580 8.141900 -0.028149 0.072951 0.996938 0.000000 0.000000 0.000000 0.000000 1.000000
0.998170 0.058086 0.016838 0.000000 -0.056781 0.995948 -0.069743 8.141900 -0.020821 0.068659 0.997423 0.000000 0.000000 0.000000 0.000000 1.000000
0.998454 0.055137 0.007038 0.000000 -0.054420 0.995452 -0.078186 8.141900 -0.011317 0.077682 0.996914 0.000000 0.000000 0.000000 0.000000 1.000000
0.998379 0.056608 -0.005867 -0.000000 -0.056911 0.993390 -0.099684 8.141900 0.000186 0.099857 0.995002 -0.000000 0.000000 0.000000 0.000000 1.000000</float_array>
        <technique_common>
          <accessor source="#mixamorig_Spine2-Matrix-animation-output-transform-array" count="23" stride="16">
            <param type="float4x4"/>
          </accessor>
        </technique_common>
      </source>
      <source id="mixamorig_Spine2-Interpolations">
        <Name_array id="mixamorig_Spine2-Interpolations-array" count="23">
 LINEAR LINEAR LINEAR LINEAR LINEAR LINEAR LINEAR LINEAR LINEAR LINEAR LINEAR
LINEAR LINEAR LINEAR LINEAR LINEAR LINEAR LINEAR LINEAR LINEAR LINEAR LINEAR LINEAR</Name_array>
        <technique_common>
          <accessor source="#mixamorig_Spine2-Interpolations-array" count="23">
            <param type="name"/>
          </accessor>
        </technique_common>
      </source>
      <sampler id="mixamorig_Spine2-Matrix-animation-transform">
        <input semantic="INPUT" source="#mixamorig_Spine2-Matrix-animation-input"/>
        <input semantic="OUTPUT" source="#mixamorig_Spine2-Matrix-animation-output-transform"/>
        <input semantic="INTERPOLATION" source="#mixamorig_Spine2-Interpolations"/>
      </sampler>
      <channel source="#mixamorig_Spine2-Matrix-animation-transform" target="mixamorig_Spine2/matrix"/>
    </animation>
    <animation id="mixamorig_Neck-anim" name="mixamorig_Neck">
      <source id="mixamorig_Neck-Matrix-animation-input">
        <float_array id="mixamorig_Neck-Matrix-animation-input-array" count="23">

0.000000 0.033333 0.066667 0.100000 0.133333 0.166667 0.200000 0.233333 0.266667 0.300000 0.333333 0.366667 0.400000 0.433333 0.466667 0.500000
0.533333 0.566667 0.600000 0.633333 0.666667 0.700000 0.733333</float_array>
        <technique_common>
          <accessor source="#mixamorig_Neck-Matrix-animation-input-array" count="23">
            <param name="TIME" type="float"/>
          </accessor>
        </technique_common>
      </source>
      <source id="mixamorig_Neck-Matrix-animation-output-transform">
        <float_array id="mixamorig_Neck-Matrix-animation-output-transform-array" count="368">

0.995432 -0.069638 0.065313 -0.112200 0.046010 0.949315 0.310940 18.919500 -0.083656 -0.306515 0.948183 -3.736100 0.000000 0.000000 0.000000 1.000000
0.992449 -0.115591 0.041044 -0.112200 0.099670 0.954976 0.279440 18.919500 -0.071496 -0.273239 0.959286 -3.736100 0.000000 0.000000 0.000000 1.000000
0.987326 -0.158531 0.007454 -0.112200 0.152349 0.959889 0.235377 18.919500 -0.044470 -0.231258 0.971876 -3.736100 0.000000 0.000000 0.000000 1.000000
0.978737 -0.202999 -0.029404 -0.112200 0.204803 0.959207 0.194878 18.919500 -0.011356 -0.196757 0.980387 -3.736100 0.000000 0.000000 0.000000 1.000000
0.966339 -0.251557 -0.053927 -0.112200 0.257204 0.949437 0.180042 18.919500 0.005910 -0.187852 0.982180 -3.736100 0.000000 0.000000 0.000000 1.000000
0.954753 -0.290114 -0.065427 -0.112200 0.297396 0.932552 0.204702 18.919500 0.001627 -0.214897 0.976635 -3.736100 0.000000 0.000000 0.000000 1.000000
0.952711 -0.296963 -0.064453 -0.112200 0.303393 0.917578 0.256913 18.919500 -0.017153 -0.264318 0.964283 -3.736100 0.000000 0.000000 0.000000 1.000000
0.962499 -0.266375 -0.051376 -0.112200 0.268921 0.911907 0.310013 18.919500 -0.035730 -0.312203 0.949343 -3.736100 0.000000 0.000000 0.000000 1.000000
0.975622 -0.217529 -0.029030 -0.112200 0.214511 0.917331 0.335394 18.919500 -0.046328 -0.333445 0.941631 -3.736100 0.000000 0.000000 0.000000 1.000000
0.984621 -0.174349 -0.011121 -0.112200 0.168316 0.929640 0.327780 18.919500 -0.046809 -0.324611 0.944689 -3.736100 0.000000 0.000000 0.000000 1.000000
0.988001 -0.154429 -0.002339 -0.112200 0.147578 0.939491 0.309156 18.919500 -0.045545 -0.305791 0.951009 -3.736100 0.000000 0.000000 0.000000 1.000000
0.987660 -0.156024 -0.013571 -0.112200 0.152912 0.941962 0.298875 18.919500 -0.033848 -0.297262 0.954196 -3.736100 0.000000 0.000000 0.000000 1.000000
0.984867 -0.170196 -0.032729 -0.112200 0.172017 0.936844 0.304520 18.919500 -0.021166 -0.305542 0.951943 -3.736100 0.000000 0.000000 0.000000 1.000000
0.982101 -0.182281 -0.047448 -0.112200 0.187848 0.929399 0.317695 18.919500 -0.013812 -0.320921 0.947005 -3.736100 0.000000 0.000000 0.000000 1.000000
0.982291 -0.181411 -0.046851 -0.112200 0.186833 0.929577 0.317773 18.919500 -0.014096 -0.320898 0.947009 -3.736100 0.000000 0.000000 0.000000 1.000000
0.986443 -0.159659 -0.037931 -0.112200 0.163710 0.941446 0.294752 18.919500 -0.011350 -0.296966 0.954821 -3.736100 0.000000 0.000000 0.000000 1.000000
0.992245 -0.123016 -0.017808 -0.112200 0.123338 0.956647 0.263847 18.919500 -0.015421 -0.263997 0.964400 -3.736100 0.000000 0.000000 0.000000 1.000000
0.996949 -0.078044 0.001472 -0.112200 0.075337 0.966952 0.243575 18.919500 -0.020433 -0.242720 0.969881 -3.736100 0.000000 0.000000 0.000000 1.000000
0.999148 -0.038365 0.015239 -0.112200 0.033722 0.971476 0.234728 18.919500 -0.023809 -0.234014 0.971942 -3.736100 0.000000 0.000000 0.000000 1.000000
0.999476 -0.016582 0.027793 -0.112200 0.009856 0.973932 0.226627 18.919500 -0.030827 -0.226235 0.973585 -3.736100 0.000000 0.000000 0.000000 1.000000
0.999052 -0.015409 0.040712 -0.112200 0.006130 0.975735 0.218870 18.919500 -0.043096 -0.218413 0.974904 -3.736100 0.000000 0.000000 0.000000 1.000000
0.997621 -0.034193 0.059868 -0.112200 0.019201 0.971788 0.235072 18.919500 -0.066216 -0.233363 0.970133 -3.736100 0.000000 0.000000 0.000000 1.000000
0.995432 -0.069638 0.065313 -0.112200 0.046010 0.949316 0.310939 18.919500 -0.083656 -0.306514 0.948183 -3.736100 0.000000 0.000000 0.000000 1.000000</float_array>
        <technique_common>
          <accessor source="#mixamorig_Neck-Matrix-animation-output-transform-array" count="23" stride="16">
            <param type="float4x4"/>
          </accessor>
        </technique_common>
      </source>
      <source id="mixamorig_Neck-Interpolations">
        <Name_array id="mixamorig_Neck-Interpolations-array" count="23">
 LINEAR LINEAR LINEAR LINEAR LINEAR LINEAR LINEAR LINEAR LINEAR LINEAR LINEAR
LINEAR LINEAR LINEAR LINEAR LINEAR LINEAR LINEAR LINEAR LINEAR LINEAR LINEAR LINEAR</Name_array>
        <technique_common>
          <accessor source="#mixamorig_Neck-Interpolations-array" count="23">
            <param type="name"/>
          </accessor>
        </technique_common>
      </source>
      <sampler id="mixamorig_Neck-Matrix-animation-transform">
        <input semantic="INPUT" source="#mixamorig_Neck-Matrix-animation-input"/>
        <input semantic="OUTPUT" source="#mixamorig_Neck-Matrix-animation-output-transform"/>
        <input semantic="INTERPOLATION" source="#mixamorig_Neck-Interpolations"/>
      </sampler>
      <channel source="#mixamorig_Neck-Matrix-animation-transform" target="mixamorig_Neck/matrix"/>
    </animation>
    <animation id="mixamorig_Head-anim" name="mixamorig_Head">
      <source id="mixamorig_Head-Matrix-animation-input">
        <float_array id="mixamorig_Head-Matrix-animation-input-array" count="23">

0.000000 0.033333 0.066667 0.100000 0.133333 0.166667 0.200000 0.233333 0.266667 0.300000 0.333333 0.366667 0.400000 0.433333 0.466667 0.500000
0.533333 0.566667 0.600000 0.633333 0.666667 0.700000 0.733333</float_array>
        <technique_common>
          <accessor source="#mixamorig_Head-Matrix-animation-input-array" count="23">
            <param name="TIME" type="float"/>
          </accessor>
        </technique_common>
      </source>
      <source id="mixamorig_Head-Matrix-animation-output-transform">
        <float_array id="mixamorig_Head-Matrix-animation-output-transform-array" count="368">

0.970295 0.063995 0.233308 0.000000 -0.148249 0.919379 0.364368 8.673000 -0.191181 -0.388132 0.901556 3.319300 0.000000 0.000000 0.000000 1.000000
0.960152 0.069714 0.270644 0.000000 -0.157443 0.935028 0.317703 8.673000 -0.230911 -0.347654 0.908745 3.319300 0.000000 0.000000 0.000000 1.000000
0.945484 0.073874 0.317178 0.000000 -0.167858 0.945140 0.280240 8.673000 -0.279076 -0.318203 0.906015 3.319300 0.000000 0.000000 0.000000 1.000000
0.926937 0.080008 0.366589 0.000000 -0.183343 0.949004 0.256471 8.673000 -0.327374 -0.304943 0.894335 3.319300 0.000000 0.000000 0.000000 1.000000
0.910233 0.094949 0.403065 0.000000 -0.207608 0.946828 0.245795 8.673000 -0.358295 -0.307410 0.881546 3.319300 0.000000 0.000000 0.000000 1.000000
0.900044 0.110814 0.421474 0.000000 -0.230273 0.942023 0.244062 8.673000 -0.369993 -0.316721 0.873380 3.319300 0.000000 0.000000 0.000000 1.000000
0.900733 0.114479 0.419016 0.000000 -0.236193 0.938654 0.251279 8.673000 -0.364545 -0.325304 0.872516 3.319300 0.000000 0.000000 0.000000 1.000000
0.912377 0.101881 0.396470 0.000000 -0.221870 0.937009 0.269794 8.673000 -0.344009 -0.334119 0.877509 3.319300 0.000000 0.000000 0.000000 1.000000
0.930049 0.084284 0.357639 -0.000000 -0.199397 0.933321 0.298584 8.673000 -0.308626 -0.349010 0.884840 3.319300 0.000000 0.000000 0.000000 1.000000
0.946774 0.072591 0.313609 0.000000 -0.180510 0.926374 0.330525 8.673000 -0.266526 -0.369542 0.890170 3.319300 0.000000 0.000000 0.000000 1.000000
0.959967 0.076115 0.269573 -0.000000 -0.172409 0.919038 0.354464 8.673000 -0.220768 -0.386751 0.895369 3.319300 0.000000 0.000000 0.000000 1.000000
0.967796 0.086523 0.236398 0.000000 -0.171047 0.915020 0.365351 8.673000 -0.184698 -0.394021 0.900352 3.319300 0.000000 0.000000 0.000000 1.000000
0.973000 0.103171 0.206462 0.000000 -0.174161 0.915192 0.363444 8.673000 -0.151456 -0.389589 0.908450 3.319300 0.000000 0.000000 0.000000 1.000000
0.977435 0.121039 0.173121 0.000000 -0.176617 0.917858 0.355446 8.673000 -0.115877 -0.378002 0.918524 3.319300 0.000000 0.000000 0.000000 1.000000
0.981863 0.133958 0.134166 0.000000 -0.173510 0.920123 0.351096 8.673000 -0.076417 -0.368007 0.926678 3.319300 0.000000 0.000000 0.000000 1.000000
0.986341 0.130242 0.100840 -0.000000 -0.157903 0.921897 0.353798 8.673000 -0.046884 -0.364889 0.929870 3.319300 0.000000 0.000000 0.000000 1.000000
0.990613 0.115877 0.072517 0.000000 -0.134260 0.924503 0.356746 8.673000 -0.025704 -0.363134 0.931382 3.319300 0.000000 0.000000 0.000000 1.000000
0.993936 0.091960 0.060290 0.000000 -0.107465 0.928525 0.355377 8.673000 -0.023301 -0.359701 0.932777 3.319300 0.000000 0.000000 0.000000 1.000000
0.995254 0.066431 0.071114 -0.000000 -0.087641 0.929504 0.358249 8.673000 -0.042302 -0.362781 0.930914 3.319300 0.000000 0.000000 0.000000 1.000000
0.993557 0.049851 0.101780 0.000000 -0.085010 0.921731 0.378399 8.673000 -0.074950 -0.384614 0.920030 3.319300 0.000000 0.000000 0.000000 1.000000
0.988407 0.043844 0.145360 -0.000000 -0.100479 0.906644 0.409758 8.673000 -0.113824 -0.419613 0.900538 3.319300 0.000000 0.000000 0.000000 1.000000
0.980861 0.051365 0.187814 0.000000 -0.127206 0.899318 0.418384 8.673000 -0.147415 -0.434267 0.888640 3.319300 0.000000 0.000000 0.000000 1.000000
0.970295 0.063994 0.233308 0.000000 -0.148249 0.919379 0.364368 8.673000 -0.191181 -0.388132 0.901556 3.319300 0.000000 0.000000 0.000000 1.000000</float_array>
        <technique_common>
          <accessor source="#mixamorig_Head-Matrix-animation-output-transform-array" count="23" stride="16">
            <param type="float4x4"/>
          </accessor>
        </technique_common>
      </source>
      <source id="mixamorig_Head-Interpolations">
        <Name_array id="mixamorig_Head-Interpolations-array" count="23">
 LINEAR LINEAR LINEAR LINEAR LINEAR LINEAR LINEAR LINEAR LINEAR LINEAR LINEAR
LINEAR LINEAR LINEAR LINEAR LINEAR LINEAR LINEAR LINEAR LINEAR LINEAR LINEAR LINEAR</Name_array>
        <technique_common>
          <accessor source="#mixamorig_Head-Interpolations-array" count="23">
            <param type="name"/>
          </accessor>
        </technique_common>
      </source>
      <sampler id="mixamorig_Head-Matrix-animation-transform">
        <input semantic="INPUT" source="#mixamorig_Head-Matrix-animation-input"/>
        <input semantic="OUTPUT" source="#mixamorig_Head-Matrix-animation-output-transform"/>
        <input semantic="INTERPOLATION" source="#mixamorig_Head-Interpolations"/>
      </sampler>
      <channel source="#mixamorig_Head-Matrix-animation-transform" target="mixamorig_Head/matrix"/>
    </animation>
    <animation id="mixamorig_LeftShoulder-anim" name="mixamorig_LeftShoulder">
      <source id="mixamorig_LeftShoulder-Matrix-animation-input">
        <float_array id="mixamorig_LeftShoulder-Matrix-animation-input-array" count="23">

0.000000 0.033333 0.066667 0.100000 0.133333 0.166667 0.200000 0.233333 0.266667 0.300000 0.333333 0.366667 0.400000 0.433333 0.466667 0.500000
0.533333 0.566667 0.600000 0.633333 0.666667 0.700000 0.733333</float_array>
        <technique_common>
          <accessor source="#mixamorig_LeftShoulder-Matrix-animation-input-array" count="23">
            <param name="TIME" type="float"/>
          </accessor>
        </technique_common>
      </source>
      <source id="mixamorig_LeftShoulder-Matrix-animation-output-transform">
        <float_array id="mixamorig_LeftShoulder-Matrix-animation-output-transform-array" count="368">

0.605622 0.778860 0.163092 6.339200 0.098752 0.129808 -0.986609 14.952900 -0.789601 0.613618 0.001700 -4.642900 0.000000 0.000000 0.000000 1.000000
0.589180 0.780684 0.208325 6.339200 0.104574 0.181984 -0.977725 14.952900 -0.801206 0.597842 0.025583 -4.642900 0.000000 0.000000 0.000000 1.000000
0.581519 0.772643 0.254673 6.339200 0.114219 0.232404 -0.965889 14.952900 -0.805475 0.590772 0.046897 -4.642900 0.000000 0.000000 0.000000 1.000000
0.583230 0.763501 0.277323 6.339200 0.113040 0.261795 -0.958481 14.952900 -0.804403 0.590364 0.066380 -4.642900 0.000000 0.000000 0.000000 1.000000
0.585028 0.763877 0.272458 6.339200 0.110668 0.257613 -0.959889 14.952900 -0.803427 0.591715 0.066174 -4.642900 0.000000 0.000000 0.000000 1.000000
0.582068 0.770731 0.259173 6.339200 0.112156 0.239587 -0.964375 14.952900 -0.805368 0.590399 0.053013 -4.642900 0.000000 0.000000 0.000000 1.000000
0.572786 0.776259 0.263323 6.339200 0.119496 0.238735 -0.963704 14.952900 -0.810948 0.583462 0.043984 -4.642900 0.000000 0.000000 0.000000 1.000000
0.554155 0.777941 0.296174 6.339200 0.131837 0.269288 -0.953993 14.952900 -0.821907 0.567707 0.046666 -4.642900 0.000000 0.000000 0.000000 1.000000
0.531680 0.773075 0.345935 6.339200 0.138654 0.323489 -0.936018 14.952900 -0.835518 0.545628 0.064803 -4.642900 0.000000 0.000000 0.000000 1.000000
0.512827 0.763349 0.392819 6.339200 0.147060 0.372693 -0.916228 14.952900 -0.845803 0.527634 0.078868 -4.642900 0.000000 0.000000 0.000000 1.000000
0.503001 0.758574 0.414194 6.339200 0.160611 0.388845 -0.907196 14.952900 -0.849232 0.522844 0.073754 -4.642900 0.000000 0.000000 0.000000 1.000000
0.508235 0.766651 0.392356 6.339200 0.174281 0.354601 -0.918632 14.952900 -0.843400 0.535261 0.046608 -4.642900 0.000000 0.000000 0.000000 1.000000
0.537608 0.781851 0.315733 6.339200 0.176147 0.262049 -0.948843 14.952900 -0.824591 0.565721 0.003158 -4.642900 0.000000 0.000000 0.000000 1.000000
0.590516 0.784651 0.188717 6.339200 0.155143 0.119107 -0.980686 14.952900 -0.791973 0.608388 -0.051399 -4.642900 0.000000 0.000000 0.000000 1.000000
0.647029 0.761473 0.038874 6.339200 0.108342 -0.041352 -0.993253 14.952900 -0.754728 0.646876 -0.109255 -4.642900 0.000000 0.000000 0.000000 1.000000
0.683209 0.725068 -0.086613 6.339200 0.057711 -0.171856 -0.983430 14.952900 -0.727939 0.666890 -0.159258 -4.642900 0.000000 0.000000 0.000000 1.000000
0.697091 0.701382 -0.148757 6.339200 0.026516 -0.232553 -0.972222 14.952900 -0.716493 0.673783 -0.180708 -4.642900 0.000000 0.000000 0.000000 1.000000
0.700506 0.701076 -0.133358 6.339200 0.026919 -0.212693 -0.976748 14.952900 -0.713139 0.680628 -0.167865 -4.642900 0.000000 0.000000 0.000000 1.000000
0.696189 0.715569 -0.057280 6.339200 0.051807 -0.129668 -0.990203 14.952900 -0.715986 0.686401 -0.127345 -4.642900 0.000000 0.000000 0.000000 1.000000
0.679793 0.732464 0.037124 6.339200 0.082762 -0.026319 -0.996222 14.952900 -0.728719 0.680297 -0.078511 -4.642900 0.000000 0.000000 0.000000 1.000000
0.653309 0.749227 0.108842 6.339200 0.101450 0.055833 -0.993273 14.952900 -0.750264 0.659956 -0.039533 -4.642900 0.000000 0.000000 0.000000 1.000000
0.626199 0.765973 0.145462 6.339200 0.102421 0.104137 -0.989275 14.952900 -0.772906 0.634382 -0.013241 -4.642900 0.000000 0.000000 0.000000 1.000000
0.605622 0.778860 0.163092 6.339200 0.098752 0.129807 -0.986609 14.952900 -0.789601 0.613618 0.001700 -4.642900 0.000000 0.000000 0.000000 1.000000</float_array>
        <technique_common>
          <accessor source="#mixamorig_LeftShoulder-Matrix-animation-output-transform-array" count="23" stride="16">
            <param type="float4x4"/>
          </accessor>
        </technique_common>
      </source>
      <source id="mixamorig_LeftShoulder-Interpolations">
        <Name_array id="mixamorig_LeftShoulder-Interpolations-array" count="23">
 LINEAR LINEAR LINEAR LINEAR LINEAR LINEAR LINEAR LINEAR LINEAR LINEAR LINEAR
LINEAR LINEAR LINEAR LINEAR LINEAR LINEAR LINEAR LINEAR LINEAR LINEAR LINEAR LINEAR</Name_array>
        <technique_common>
          <accessor source="#mixamorig_LeftShoulder-Interpolations-array" count="23">
            <param type="name"/>
          </accessor>
        </technique_common>
      </source>
      <sampler id="mixamorig_LeftShoulder-Matrix-animation-transform">
        <input semantic="INPUT" source="#mixamorig_LeftShoulder-Matrix-animation-input"/>
        <input semantic="OUTPUT" source="#mixamorig_LeftShoulder-Matrix-animation-output-transform"/>
        <input semantic="INTERPOLATION" source="#mixamorig_LeftShoulder-Interpolations"/>
      </sampler>
      <channel source="#mixamorig_LeftShoulder-Matrix-animation-transform" target="mixamorig_LeftShoulder/matrix"/>
    </animation>
    <animation id="mixamorig_LeftArm-anim" name="mixamorig_LeftArm">
      <source id="mixamorig_LeftArm-Matrix-animation-input">
        <float_array id="mixamorig_LeftArm-Matrix-animation-input-array" count="23">

0.000000 0.033333 0.066667 0.100000 0.133333 0.166667 0.200000 0.233333 0.266667 0.300000 0.333333 0.366667 0.400000 0.433333 0.466667 0.500000
0.533333 0.566667 0.600000 0.633333 0.666667 0.700000 0.733333</float_array>
        <technique_common>
          <accessor source="#mixamorig_LeftArm-Matrix-animation-input-array" count="23">
            <param name="TIME" type="float"/>
          </accessor>
        </technique_common>
      </source>
      <source id="mixamorig_LeftArm-Matrix-animation-output-transform">
        <float_array id="mixamorig_LeftArm-Matrix-animation-output-transform-array" count="368">

0.827316 -0.524547 -0.200996 -0.000000 0.070010 0.451305 -0.889619 9.143700 0.557358 0.721924 0.410095 0.000000 0.000000 0.000000 0.000000 1.000000
0.879931 -0.461997 -0.110819 0.000000 0.062094 0.343085 -0.937250 9.143700 0.471027 0.817833 0.330579 0.000000 0.000000 0.000000 0.000000 1.000000
