<?xml version="1.0" encoding="utf-8"?>
<COLLADA xmlns="http://www.collada.org/2005/11/COLLADASchema" version="1.4.1">
  <asset>
    <contributor>
      <author>Mixamo</author>
      <authoring_tool>COLLADA Mixamo exporter</authoring_tool>
      <comments/>
    </contributor>
    <created>2024-03-06T18:00:49Z</created>
    <modified>2024-03-06T18:00:49Z</modified>
    <revision/>
    <title/>
    <unit meter="0.010000"/>
    <up_axis>Y_UP</up_axis>
  </asset>
  <library_animations>
    <animation id="mixamorig_Hips-anim" name="mixamorig_Hips">
      <source id="mixamorig_Hips-Matrix-animation-input">
        <float_array id="mixamorig_Hips-Matrix-animation-input-array" count="56">

0.000000 0.033333 0.066667 0.100000 0.133333 0.166667 0.200000 0.233333 0.266667 0.300000 0.333333 0.366667 0.400000 0.433333 0.466667 0.500000
0.533333 0.566667 0.600000 0.633333 0.666667 0.700000 0.733333 0.766667 0.800000 0.833333 0.866667 0.900000 0.933333 0.966667 1.000000 1.033333
1.066667 1.100000 1.133333 1.166667 1.200000 1.233333 1.266667 1.300000 1.333333 1.366667 1.400000 1.433333 1.466667 1.500000 1.533333 1.566667
1.600000 1.633333 1.666667 1.700000 1.733333 1.766667 1.800000 1.833333</float_array>
        <technique_common>
          <accessor source="#mixamorig_Hips-Matrix-animation-input-array" count="56">
            <param name="TIME" type="float"/>
          </accessor>
        </technique_common>
      </source>
      <source id="mixamorig_Hips-Matrix-animation-output-transform">
        <float_array id="mixamorig_Hips-Matrix-animation-output-transform-array" count="896">

0.962760 -0.002103 -0.270350 -0.002211 -0.021616 0.996170 -0.084728 99.405205 0.269492 0.087417 0.959027 -0.004812 0.000000 0.000000 0.000000 1.000000
0.977435 -0.001040 -0.211232 -0.422012 -0.016726 0.996467 -0.082302 99.836258 0.210572 0.083978 0.973965 1.639220 0.000000 0.000000 0.000000 1.000000
0.990349 0.000490 -0.138595 -0.734175 -0.011416 0.996884 -0.078046 100.253365 0.138125 0.078875 0.987269 3.779002 0.000000 0.000000 0.000000 1.000000
0.998792 -0.000117 -0.049136 -0.831195 -0.003362 0.997492 -0.070701 100.551315 0.049021 0.070781 0.996287 6.493873 0.000000 0.000000 0.000000 1.000000
0.998688 -0.005482 0.050921 -0.715043 0.008474 0.998239 -0.058719 100.647087 -0.050510 0.059074 0.996975 9.560890 0.000000 0.000000 0.000000 1.000000
0.987601 -0.016686 0.156095 -0.422423 0.023266 0.998912 -0.040425 100.505020 -0.155251 0.043556 0.986914 12.848083 0.000000 0.000000 0.000000 1.000000
0.965175 -0.033416 0.259462 -0.038716 0.038834 0.999121 -0.015785 100.130371 -0.258706 0.025311 0.965624 16.169765 0.000000 0.000000 0.000000 1.000000
0.933054 -0.053913 0.355673 0.324275 0.052816 0.998522 0.012804 99.597137 -0.355837 0.006838 0.934523 19.347021 0.000000 0.000000 0.000000 1.000000
0.893242 -0.074781 0.443313 0.559559 0.063191 0.997164 0.040884 99.032043 -0.445113 -0.008506 0.895434 22.264420 0.000000 0.000000 0.000000 1.000000
0.846035 -0.091493 0.525218 0.607027 0.068356 0.995649 0.063333 98.614815 -0.528727 -0.017680 0.848608 24.911083 0.000000 0.000000 0.000000 1.000000
0.788832 -0.099727 0.606463 0.453601 0.067424 0.994834 0.075892 98.492035 -0.610899 -0.018976 0.791481 27.363441 0.000000 0.000000 0.000000 1.000000
0.716171 -0.096788 0.691181 0.115683 0.061046 0.995229 0.076111 98.657845 -0.695250 -0.012314 0.718662 29.756870 0.000000 0.000000 0.000000 1.000000
0.621246 -0.081637 0.779352 -0.365315 0.051353 0.996662 0.063465 98.965988 -0.781931 0.000594 0.623364 32.276024 0.000000 0.000000 0.000000 1.000000
0.499228 -0.054648 0.864745 -0.945193 0.041794 0.998366 0.038965 99.182907 -0.865462 0.016689 0.500697 35.123249 0.000000 0.000000 0.000000 1.000000
0.351947 -0.017270 0.935860 -1.604008 0.036543 0.999321 0.004699 99.074226 -0.935306 0.032545 0.352340 38.474064 0.000000 0.000000 0.000000 1.000000
0.191505 0.028168 0.981087 -2.355285 0.039506 0.998557 -0.036381 98.446487 -0.980696 0.045726 0.190116 42.431381 0.000000 0.000000 0.000000 1.000000
0.039447 0.078747 0.996114 -3.233714 0.052161 0.995368 -0.080753 97.202026 -0.997859 0.055144 0.035157 46.974033 0.000000 0.000000 0.000000 1.000000
-0.079901 0.130919 0.988168 -4.271626 0.072683 0.989464 -0.125213 95.367836 -0.994149 0.061818 -0.088575 51.947464 0.000000 0.000000 0.000000 1.000000
-0.147606 0.180909 0.972360 -5.490063 0.095216 0.981162 -0.168093 93.128204 -0.984452 0.067772 -0.162051 57.061268 0.000000 0.000000 0.000000 1.000000
-0.154290 0.224639 0.962149 -6.875635 0.110178 0.971648 -0.209189 90.709595 -0.981863 0.073732 -0.174666 61.916237 0.000000 0.000000 0.000000 1.000000
-0.100321 0.258033 0.960913 -8.357224 0.107896 0.962911 -0.247306 88.324448 -0.989088 0.078869 -0.124441 66.080742 0.000000 0.000000 0.000000 1.000000
0.004848 0.278068 0.960549 -9.819590 0.083840 0.957065 -0.277483 86.167290 -0.996467 0.081878 -0.018673 69.203476 0.000000 0.000000 0.000000 1.000000
0.142997 0.283488 0.948254 -11.097342 0.041782 0.955517 -0.291960 84.332451 -0.988841 0.081370 0.124792 71.083351 0.000000 0.000000 0.000000 1.000000
0.290004 0.275239 0.916592 -12.003633 -0.006847 0.958323 -0.285604 82.837440 -0.957001 0.076550 0.279802 71.690910 0.000000 0.000000 0.000000 1.000000
0.422768 0.256528 0.869172 -12.366360 -0.048960 0.964164 -0.260749 81.634224 -0.904914 0.067682 0.420178 71.152885 0.000000 0.000000 0.000000 1.000000
0.526447 0.232217 0.817881 -12.077286 -0.076903 0.971040 -0.226203 80.665359 -0.846723 0.056186 0.529059 69.709831 0.000000 0.000000 0.000000 1.000000
0.597146 0.207540 0.774819 -11.123084 -0.090911 0.977235 -0.191695 79.914871 -0.796964 0.044030 0.602420 67.642998 0.000000 0.000000 0.000000 1.000000
0.639690 0.186773 0.745596 -9.588450 -0.096363 0.981862 -0.163282 79.437668 -0.762569 0.032602 0.646085 65.178200 0.000000 0.000000 0.000000 1.000000
0.663678 0.172356 0.727891 -7.618443 -0.099593 0.984789 -0.142380 79.342438 -0.741359 0.022001 0.670748 62.409321 0.000000 0.000000 0.000000 1.000000
0.680255 0.164358 0.714310 -5.366229 -0.104866 0.986333 -0.127082 79.748619 -0.725435 0.011541 0.688194 59.306934 0.000000 0.000000 0.000000 1.000000
0.699685 0.160519 0.696186 -2.962576 -0.113130 0.987032 -0.113880 80.759666 -0.705438 0.000921 0.708771 55.792564 0.000000 0.000000 0.000000 1.000000
0.729239 0.157483 0.665890 -0.493270 -0.122673 0.987477 -0.099196 82.404480 -0.673173 -0.009349 0.739426 51.795067 0.000000 0.000000 0.000000 1.000000
0.771548 0.151920 0.617766 1.993339 -0.129811 0.988233 -0.080899 84.600906 -0.622787 -0.017775 0.782190 47.326302 0.000000 0.000000 0.000000 1.000000
0.824053 0.141549 0.548544 4.458011 -0.130378 0.989676 -0.059520 87.159912 -0.551306 -0.022470 0.834001 42.517635 0.000000 0.000000 0.000000 1.000000
0.879960 0.126396 0.457924 6.842694 -0.122516 0.991727 -0.038305 89.813522 -0.458977 -0.022396 0.888166 37.579151 0.000000 0.000000 0.000000 1.000000
0.930568 0.108111 0.349793 9.055873 -0.107343 0.993986 -0.021645 92.262688 -0.350029 -0.017406 0.936577 32.783466 0.000000 0.000000 0.000000 1.000000
0.968526 0.089992 0.232075 10.971458 -0.089560 0.995904 -0.012422 94.267075 -0.232242 -0.008754 0.972619 28.357637 0.000000 0.000000 0.000000 1.000000
0.990428 0.076429 0.114937 12.455401 -0.075745 0.997074 -0.010310 95.755219 -0.115389 0.001505 0.993319 24.397232 0.000000 0.000000 0.000000 1.000000
0.997391 0.071747 0.008021 13.408415 -0.071644 0.997353 -0.012449 96.779945 -0.008893 0.011842 0.999890 20.884693 0.000000 0.000000 0.000000 1.000000
0.993634 0.077250 -0.082003 13.754958 -0.078804 0.996764 -0.015880 97.439964 0.080510 0.022241 0.996506 17.762978 0.000000 0.000000 0.000000 1.000000
0.983938 0.091903 -0.153037 13.471826 -0.096014 0.995186 -0.019673 97.885490 0.150493 0.034051 0.988025 14.941537 0.000000 0.000000 0.000000 1.000000
0.971919 0.112277 -0.206802 12.606649 -0.120029 0.992448 -0.025289 98.286934 0.202401 0.049401 0.978056 12.354281 0.000000 0.000000 0.000000 1.000000
0.959752 0.133036 -0.247339 11.251939 -0.146096 0.988646 -0.035135 98.748177 0.239857 0.069856 0.968292 9.982897 0.000000 0.000000 0.000000 1.000000
0.948723 0.148655 -0.278974 9.538926 -0.169120 0.984294 -0.050640 99.291290 0.267065 0.095223 0.958962 7.828501 0.000000 0.000000 0.000000 1.000000
0.939780 0.155276 -0.304470 7.625554 -0.184989 0.980164 -0.071116 99.868645 0.287388 0.123157 0.949863 5.885556 0.000000 0.000000 0.000000 1.000000
0.933864 0.151234 -0.324078 5.673391 -0.190806 0.977132 -0.093841 100.403580 0.302475 0.149471 0.941365 4.117086 0.000000 0.000000 0.000000 1.000000
0.931847 0.137635 -0.335735 3.836717 -0.185565 0.975882 -0.114978 100.809654 0.311813 0.169443 0.934913 2.476327 0.000000 0.000000 0.000000 1.000000
0.934272 0.117675 -0.336583 2.246841 -0.170099 0.976725 -0.130673 101.033203 0.313372 0.179336 0.932543 0.941331 0.000000 0.000000 0.000000 1.000000
0.940903 0.095187 -0.325025 0.991890 -0.146780 0.979488 -0.138054 101.052109 0.305217 0.177602 0.935575 -0.458855 0.000000 0.000000 0.000000 1.000000
0.950304 0.073582 -0.302504 0.108928 -0.119478 0.983462 -0.136113 100.895729 0.287485 0.165491 0.943379 -1.634255 0.000000 0.000000 0.000000 1.000000
0.960143 0.054853 -0.274073 -0.416116 -0.092469 0.987677 -0.126265 100.633728 0.263770 0.146576 0.953384 -2.466065 0.000000 0.000000 0.000000 1.000000
0.968102 0.039711 -0.247391 -0.634322 -0.069291 0.991286 -0.112034 100.316620 0.240786 0.125602 0.962417 -2.849360 0.000000 0.000000 0.000000 1.000000
0.972736 0.027802 -0.230244 -0.620340 -0.051532 0.993881 -0.097703 99.993332 0.226119 0.106904 0.968216 -2.735899 0.000000 0.000000 0.000000 1.000000
0.973554 0.017682 -0.227772 -0.461500 -0.038351 0.995501 -0.086643 99.705322 0.225215 0.093087 0.969852 -2.164504 0.000000 0.000000 0.000000 1.000000
0.969874 0.007967 -0.243478 -0.236256 -0.028905 0.996168 -0.082544 99.507057 0.241887 0.087095 0.966388 -1.191725 0.000000 0.000000 0.000000 1.000000
0.962760 -0.002103 -0.270350 -0.002210 -0.021616 0.996170 -0.084728 99.405212 0.269492 0.087416 0.959027 -0.004813 0.000000 0.000000 0.000000 1.000000</float_array>
        <technique_common>
          <accessor source="#mixamorig_Hips-Matrix-animation-output-transform-array" count="56" stride="16">
            <param type="float4x4"/>
          </accessor>
        </technique_common>
      </source>
      <source id="mixamorig_Hips-Interpolations">
        <Name_array id="mixamorig_Hips-Interpolations-array" count="56">
 LINEAR LINEAR LINEAR LINEAR LINEAR LINEAR LINEAR LINEAR LINEAR LINEAR LINEAR
LINEAR LINEAR LINEAR LINEAR LINEAR LINEAR LINEAR LINEAR LINEAR LINEAR LINEAR LINEAR
LINEAR LINEAR LINEAR LINEAR LINEAR LINEAR LINEAR LINEAR LINEAR LINEAR LINEAR LINEAR
LINEAR LINEAR LINEAR LINEAR LINEAR LINEAR LINEAR LINEAR LINEAR LINEAR LINEAR LINEAR
LINEAR LINEAR LINEAR LINEAR LINEAR LINEAR LINEAR LINEAR LINEAR</Name_array>
        <technique_common>
          <accessor source="#mixamorig_Hips-Interpolations-array" count="56">
            <param type="name"/>
          </accessor>
        </technique_common>
      </source>
      <sampler id="mixamorig_Hips-Matrix-animation-transform">
        <input semantic="INPUT" source="#mixamorig_Hips-Matrix-animation-input"/>
        <input semantic="OUTPUT" source="#mixamorig_Hips-Matrix-animation-output-transform"/>
        <input semantic="INTERPOLATION" source="#mixamorig_Hips-Interpolations"/>
      </sampler>
      <channel source="#mixamorig_Hips-Matrix-animation-transform" target="mixamorig_Hips/matrix"/>
    </animation>
    <animation id="mixamorig_Spine-anim" name="mixamorig_Spine">
      <source id="mixamorig_Spine-Matrix-animation-input">
        <float_array id="mixamorig_Spine-Matrix-animation-input-array" count="56">

0.000000 0.033333 0.066667 0.100000 0.133333 0.166667 0.200000 0.233333 0.266667 0.300000 0.333333 0.366667 0.400000 0.433333 0.466667 0.500000
0.533333 0.566667 0.600000 0.633333 0.666667 0.700000 0.733333 0.766667 0.800000 0.833333 0.866667 0.900000 0.933333 0.966667 1.000000 1.033333
1.066667 1.100000 1.133333 1.166667 1.200000 1.233333 1.266667 1.300000 1.333333 1.366667 1.400000 1.433333 1.466667 1.500000 1.533333 1.566667
1.600000 1.633333 1.666667 1.700000 1.733333 1.766667 1.800000 1.833333</float_array>
        <technique_common>
          <accessor source="#mixamorig_Spine-Matrix-animation-input-array" count="56">
            <param name="TIME" type="float"/>
          </accessor>
        </technique_common>
      </source>
      <source id="mixamorig_Spine-Matrix-animation-output-transform">
        <float_array id="mixamorig_Spine-Matrix-animation-output-transform-array" count="896">

0.997010 0.000050 0.077279 0.004700 0.025706 0.942839 -0.332254 5.245300 -0.072878 0.333247 0.940019 0.258800 0.000000 0.000000 0.000000 1.000000
0.997190 0.000037 0.074914 0.004700 0.023359 0.949991 -0.311403 5.245300 -0.071179 0.312278 0.947320 0.258800 0.000000 0.000000 0.000000 1.000000
0.997271 -0.002250 0.073798 0.004700 0.022482 0.961324 -0.274501 5.245300 -0.070326 0.275411 0.958751 0.258800 0.000000 0.000000 0.000000 1.000000
0.997268 -0.005863 0.073629 0.004700 0.021903 0.975484 -0.218979 5.245300 -0.070540 0.219993 0.972948 0.258800 0.000000 0.000000 0.000000 1.000000
0.997189 -0.004357 0.074804 0.004700 0.015936 0.987800 -0.154908 5.245300 -0.073216 0.155665 0.985093 0.258800 0.000000 0.000000 0.000000 1.000000
0.996751 0.006798 0.080258 0.004700 0.000610 0.995765 -0.091930 5.245300 -0.080543 0.091680 0.992526 0.258800 0.000000 0.000000 0.000000 1.000000
0.995265 0.027519 0.093226 0.004700 -0.023639 0.998818 -0.042477 5.245300 -0.094284 0.040072 0.994738 0.258800 0.000000 0.000000 0.000000 1.000000
0.992042 0.052673 0.114356 0.004700 -0.051158 0.998560 -0.016143 5.245300 -0.115042 0.010164 0.993309 0.258800 0.000000 0.000000 0.000000 1.000000
0.987237 0.075170 0.140403 0.004700 -0.073623 0.997155 -0.016189 5.245300 -0.141220 0.005645 0.989962 0.258800 0.000000 0.000000 0.000000 1.000000
0.982158 0.089087 0.165618 0.004700 -0.083734 0.995723 -0.039037 5.245300 -0.168387 0.024473 0.985417 0.258800 0.000000 0.000000 0.000000 1.000000
0.978564 0.091329 0.184585 0.004700 -0.078282 0.993969 -0.076793 5.245300 -0.190485 0.060697 0.979812 0.258800 0.000000 0.000000 0.000000 1.000000
0.977529 0.082097 0.194160 0.004700 -0.059268 0.990930 -0.120605 5.245300 -0.202300 0.106388 0.973528 0.258800 0.000000 0.000000 0.000000 1.000000
0.978900 0.064389 0.193931 0.004700 -0.032415 0.985971 -0.163739 5.245300 -0.201753 0.153997 0.967254 0.258800 0.000000 0.000000 0.000000 1.000000
0.981588 0.043601 0.185969 0.004700 -0.004911 0.979039 -0.203616 5.245300 -0.190949 0.198953 0.961226 0.258800 0.000000 0.000000 0.000000 1.000000
0.984387 0.026098 0.174073 0.004700 0.017135 0.970041 -0.242337 5.245300 -0.175182 0.241536 0.954448 0.258800 0.000000 0.000000 0.000000 1.000000
0.986625 0.016877 0.162132 0.004700 0.030520 0.957911 -0.285439 5.245300 -0.160125 0.286569 0.944583 0.258800 0.000000 0.000000 0.000000 1.000000
0.988176 0.017197 0.152354 0.004700 0.035788 0.940369 -0.338267 5.245300 -0.149087 0.339720 0.928635 0.258800 0.000000 0.000000 0.000000 1.000000
0.989311 0.026492 0.143392 0.004700 0.033718 0.915146 -0.401709 5.245300 -0.141867 0.402250 0.904471 0.258800 0.000000 0.000000 0.000000 1.000000
0.990415 0.046086 0.130210 0.004700 0.020782 0.882247 -0.470328 5.245300 -0.136553 0.468526 0.872833 0.258800 0.000000 0.000000 0.000000 1.000000
0.991078 0.080546 0.106194 0.004700 -0.011279 0.844569 -0.535328 5.245300 -0.132807 0.529354 0.837942 0.258800 0.000000 0.000000 0.000000 1.000000
0.988683 0.134648 0.066151 0.004700 -0.070563 0.806508 -0.586998 5.245300 -0.132389 0.575687 0.806881 0.258800 0.000000 0.000000 0.000000 1.000000
0.978170 0.207585 0.009627 0.004700 -0.157666 0.771527 -0.616350 5.245300 -0.135373 0.601377 0.787414 0.258800 0.000000 0.000000 0.000000 1.000000
0.955605 0.289261 -0.056107 0.004700 -0.260869 0.742031 -0.617526 5.245300 -0.136993 0.604747 0.784547 0.258800 0.000000 0.000000 0.000000 1.000000
0.923977 0.363385 -0.119236 0.004700 -0.359764 0.720078 -0.593344 5.245300 -0.129753 0.591134 0.796069 0.258800 0.000000 0.000000 0.000000 1.000000
0.893643 0.414390 -0.172288 0.004700 -0.435266 0.706820 -0.557628 5.245300 -0.109298 0.573311 0.812015 0.258800 0.000000 0.000000 0.000000 1.000000
0.874489 0.433799 -0.216997 0.004700 -0.478880 0.701048 -0.528399 5.245300 -0.077093 0.565995 0.820796 0.258800 0.000000 0.000000 0.000000 1.000000
0.868812 0.421750 -0.259409 0.004700 -0.493802 0.699505 -0.516577 5.245300 -0.036408 0.576905 0.816000 0.258800 0.000000 0.000000 0.000000 1.000000
0.871547 0.385467 -0.303021 0.004700 -0.490181 0.699312 -0.520274 5.245300 0.011358 0.601978 0.798432 0.258800 0.000000 0.000000 0.000000 1.000000
0.875112 0.336570 -0.347707 0.004700 -0.479372 0.701218 -0.527728 5.245300 0.066201 0.628502 0.774986 0.258800 0.000000 0.000000 0.000000 1.000000
0.873611 0.287578 -0.392558 0.004700 -0.469524 0.710107 -0.524687 5.245300 0.127870 0.642688 0.755382 0.258800 0.000000 0.000000 0.000000 1.000000
0.864422 0.248993 -0.436781 0.004700 -0.463663 0.730718 -0.501067 5.245300 0.194402 0.635652 0.747097 0.258800 0.000000 0.000000 0.000000 1.000000
0.849865 0.224203 -0.476930 0.004700 -0.456901 0.764456 -0.454807 5.245300 0.262623 0.604434 0.752123 0.258800 0.000000 0.000000 0.000000 1.000000
0.836512 0.208730 -0.506636 0.004700 -0.439896 0.807104 -0.393795 5.245300 0.326711 0.552281 0.766972 0.258800 0.000000 0.000000 0.000000 1.000000
0.831875 0.193295 -0.520212 0.004700 -0.406397 0.850523 -0.333845 5.245300 0.377922 0.489130 0.786084 0.258800 0.000000 0.000000 0.000000 1.000000
0.839780 0.169521 -0.515784 0.004700 -0.358080 0.887030 -0.291475 5.245300 0.408104 0.429466 0.805611 0.258800 0.000000 0.000000 0.000000 1.000000
0.857571 0.136306 -0.495976 0.004700 -0.303756 0.912357 -0.274475 5.245300 0.415095 0.386038 0.823815 0.258800 0.000000 0.000000 0.000000 1.000000
0.879560 0.099036 -0.465368 0.004700 -0.252019 0.926591 -0.279134 5.245300 0.403561 0.362797 0.839951 0.258800 0.000000 0.000000 0.000000 1.000000
0.901345 0.063343 -0.428445 0.004700 -0.205438 0.933405 -0.294193 5.245300 0.381278 0.353188 0.854333 0.258800 0.000000 0.000000 0.000000 1.000000
0.920865 0.029560 -0.388760 0.004700 -0.160370 0.937581 -0.308582 5.245300 0.355372 0.346508 0.868126 0.258800 0.000000 0.000000 0.000000 1.000000
0.936898 -0.005401 -0.349560 0.004700 -0.112397 0.942143 -0.315806 5.245300 0.331041 0.335168 0.882085 0.258800 0.000000 0.000000 0.000000 1.000000
0.948563 -0.044580 -0.313435 0.004700 -0.059560 0.947230 -0.314974 5.245300 0.310937 0.317441 0.895851 0.258800 0.000000 0.000000 0.000000 1.000000
0.955363 -0.087356 -0.282223 0.004700 -0.004274 0.951098 -0.308858 5.245300 0.295402 0.296278 0.908271 0.258800 0.000000 0.000000 0.000000 1.000000
0.958060 -0.128951 -0.255915 0.004700 0.047662 0.952300 -0.301417 5.245300 0.282576 0.276578 0.918507 0.258800 0.000000 0.000000 0.000000 1.000000
0.958878 -0.163117 -0.232261 0.004700 0.090142 0.951005 -0.295744 5.245300 0.269122 0.262646 0.926601 0.258800 0.000000 0.000000 0.000000 1.000000
0.960451 -0.185194 -0.207937 0.004700 0.119453 0.948593 -0.293092 5.245300 0.251527 0.256662 0.933198 0.258800 0.000000 0.000000 0.000000 1.000000
0.964400 -0.193169 -0.180607 0.004700 0.134701 0.946542 -0.293109 5.245300 0.227572 0.258347 0.938865 0.258800 0.000000 0.000000 0.000000 1.000000
0.970574 -0.188304 -0.150094 0.004700 0.137797 0.945475 -0.295108 5.245300 0.197480 0.265742 0.943601 0.258800 0.000000 0.000000 0.000000 1.000000
0.977574 -0.174228 -0.118298 0.004700 0.132264 0.945071 -0.298909 5.245300 0.163879 0.276559 0.946921 0.258800 0.000000 0.000000 0.000000 1.000000
0.983935 -0.155218 -0.088202 0.004700 0.121697 0.944621 -0.304764 5.245300 0.130623 0.289134 0.948335 0.258800 0.000000 0.000000 0.000000 1.000000
0.988910 -0.134870 -0.062192 0.004700 0.109021 0.943574 -0.312702 5.245300 0.100857 0.302454 0.947813 0.258800 0.000000 0.000000 0.000000 1.000000
0.992523 -0.115015 -0.040851 0.004700 0.095897 0.941890 -0.321941 5.245300 0.075505 0.315617 0.945878 0.258800 0.000000 0.000000 0.000000 1.000000
0.995158 -0.095678 -0.022485 0.004700 0.082900 0.940015 -0.330907 5.245300 0.052796 0.327441 0.943395 0.258800 0.000000 0.000000 0.000000 1.000000
0.997135 -0.075540 -0.003985 0.004700 0.069757 0.938621 -0.337823 5.245300 0.029260 0.336577 0.941201 0.258800 0.000000 0.000000 0.000000 1.000000
0.998448 -0.052849 0.017545 0.004700 0.055663 0.938298 -0.341320 5.245300 0.001576 0.341767 0.939783 0.258800 0.000000 0.000000 0.000000 1.000000
0.998616 -0.027030 0.045118 0.004700 0.040762 0.939853 -0.339138 5.245300 -0.033237 0.340508 0.939654 0.258800 0.000000 0.000000 0.000000 1.000000
0.997010 0.000050 0.077278 0.004700 0.025706 0.942839 -0.332254 5.245300 -0.072878 0.333247 0.940019 0.258800 0.000000 0.000000 0.000000 1.000000</float_array>
        <technique_common>
          <accessor source="#mixamorig_Spine-Matrix-animation-output-transform-array" count="56" stride="16">
            <param type="float4x4"/>
          </accessor>
        </technique_common>
      </source>
      <source id="mixamorig_Spine-Interpolations">
        <Name_array id="mixamorig_Spine-Interpolations-array" count="56">
 LINEAR LINEAR LINEAR LINEAR LINEAR LINEAR LINEAR LINEAR LINEAR LINEAR LINEAR
LINEAR LINEAR LINEAR LINEAR LINEAR LINEAR LINEAR LINEAR LINEAR LINEAR LINEAR LINEAR
LINEAR LINEAR LINEAR LINEAR LINEAR LINEAR LINEAR LINEAR LINEAR LINEAR LINEAR LINEAR
LINEAR LINEAR LINEAR LINEAR LINEAR LINEAR LINEAR LINEAR LINEAR LINEAR LINEAR LINEAR
LINEAR LINEAR LINEAR LINEAR LINEAR LINEAR LINEAR LINEAR LINEAR</Name_array>
        <technique_common>
          <accessor source="#mixamorig_Spine-Interpolations-array" count="56">
            <param type="name"/>
          </accessor>
        </technique_common>
      </source>
      <sampler id="mixamorig_Spine-Matrix-animation-transform">
        <input semantic="INPUT" source="#mixamorig_Spine-Matrix-animation-input"/>
        <input semantic="OUTPUT" source="#mixamorig_Spine-Matrix-animation-output-transform"/>
        <input semantic="INTERPOLATION" source="#mixamorig_Spine-Interpolations"/>
      </sampler>
      <channel source="#mixamorig_Spine-Matrix-animation-transform" target="mixamorig_Spine/matrix"/>
    </animation>
    <animation id="mixamorig_Spine1-anim" name="mixamorig_Spine1">
      <source id="mixamorig_Spine1-Matrix-animation-input">
        <float_array id="mixamorig_Spine1-Matrix-animation-input-array" count="56">

0.000000 0.033333 0.066667 0.100000 0.133333 0.166667 0.200000 0.233333 0.266667 0.300000 0.333333 0.366667 0.400000 0.433333 0.466667 0.500000
0.533333 0.566667 0.600000 0.633333 0.666667 0.700000 0.733333 0.766667 0.800000 0.833333 0.866667 0.900000 0.933333 0.966667 1.000000 1.033333
1.066667 1.100000 1.133333 1.166667 1.200000 1.233333 1.266667 1.300000 1.333333 1.366667 1.400000 1.433333 1.466667 1.500000 1.533333 1.566667
1.600000 1.633333 1.666667 1.700000 1.733333 1.766667 1.800000 1.833333</float_array>
        <technique_common>
          <accessor source="#mixamorig_Spine1-Matrix-animation-input-array" count="56">
            <param name="TIME" type="float"/>
          </accessor>
        </technique_common>
      </source>
      <source id="mixamorig_Spine1-Matrix-animation-output-transform">
        <float_array id="mixamorig_Spine1-Matrix-animation-output-transform-array" count="896">

0.999658 0.011649 0.023412 0.000000 -0.011802 0.999910 0.006385 11.066900 -0.023335 -0.006659 0.999706 0.000000 0.000000 0.000000 0.000000 1.000000
0.999680 0.013103 0.021633 0.000000 -0.013183 0.999907 0.003587 11.066900 -0.021584 -0.003871 0.999760 0.000000 0.000000 0.000000 0.000000 1.000000
0.999686 0.015389 0.019797 -0.000000 -0.015372 0.999881 -0.001025 11.066900 -0.019811 0.000720 0.999803 0.000000 0.000000 0.000000 0.000000 1.000000
0.999645 0.019296 0.018367 0.000000 -0.019152 0.999785 -0.007997 11.066900 -0.018517 0.007642 0.999799 0.000000 0.000000 0.000000 0.000000 1.000000
0.999543 0.024376 0.017904 0.000000 -0.024072 0.999566 -0.017000 11.066900 -0.018311 0.016561 0.999695 0.000000 0.000000 0.000000 0.000000 1.000000
0.999381 0.029701 0.018844 0.000000 -0.029177 0.999196 -0.027507 11.066900 -0.019646 0.026940 0.999444 0.000000 0.000000 0.000000 0.000000 1.000000
0.999187 0.034299 0.021206 0.000000 -0.033471 0.998708 -0.038247 11.066900 -0.022491 0.037506 0.999043 0.000000 0.000000 0.000000 0.000000 1.000000
0.998972 0.037935 0.024827 0.000000 -0.036718 0.998184 -0.047762 11.066900 -0.026594 0.046801 0.998550 -0.000000 0.000000 0.000000 0.000000 1.000000
0.998720 0.041230 0.029287 0.000000 -0.039583 0.997716 -0.054735 11.066900 -0.031476 0.053506 0.998071 0.000000 0.000000 0.000000 0.000000 1.000000
0.998391 0.045341 0.034041 0.000000 -0.043301 0.997351 -0.058455 11.066900 -0.036601 0.056887 0.997709 0.000000 0.000000 0.000000 0.000000 1.000000
0.997925 0.051840 0.038200 0.000000 -0.049540 0.997036 -0.058867 11.066900 -0.041138 0.056852 0.997535 -0.000000 0.000000 0.000000 0.000000 1.000000
0.997235 0.062179 0.040693 0.000000 -0.059823 0.996594 -0.056759 11.066900 -0.044084 0.054168 0.997558 0.000000 0.000000 0.000000 0.000000 1.000000
0.996226 0.076796 0.040450 -0.000000 -0.074584 0.995772 -0.053627 11.066900 -0.044398 0.050408 0.997741 0.000000 0.000000 0.000000 0.000000 1.000000
0.994797 0.094943 0.036952 0.000000 -0.093007 0.994358 -0.051013 11.066900 -0.041587 0.047311 0.998014 -0.000000 0.000000 0.000000 0.000000 1.000000
0.992933 0.114659 0.030608 -0.000000 -0.113031 0.992309 -0.050468 11.066900 -0.036159 0.046652 0.998257 0.000000 0.000000 0.000000 0.000000 1.000000
0.990756 0.133711 0.022909 0.000000 -0.132354 0.989784 -0.053019 11.066900 -0.029765 0.049497 0.998331 -0.000000 0.000000 0.000000 0.000000 1.000000
0.988503 0.150391 0.015654 0.000000 -0.149244 0.987061 -0.058627 11.066900 -0.024269 0.055616 0.998157 0.000000 0.000000 0.000000 0.000000 1.000000
0.986387 0.164124 0.010227 0.000000 -0.163107 0.984395 -0.066051 11.066900 -0.020908 0.063484 0.997764 0.000000 0.000000 0.000000 0.000000 1.000000
0.984620 0.174579 0.006774 -0.000000 -0.173649 0.982169 -0.072044 11.066900 -0.019231 0.069760 0.997378 0.000000 0.000000 0.000000 0.000000 1.000000
0.983489 0.180928 0.003894 0.000000 -0.180195 0.981044 -0.071296 11.066900 -0.016720 0.069417 0.997448 -0.000000 0.000000 0.000000 0.000000 1.000000
0.983594 0.180394 0.000591 0.000000 -0.180044 0.981880 -0.059133 11.066900 -0.011247 0.058056 0.998250 -0.000000 0.000000 0.000000 0.000000 1.000000
0.985591 0.169108 -0.003541 0.000000 -0.169124 0.984925 -0.036323 11.066900 -0.002654 0.036398 0.999334 0.000000 0.000000 0.000000 0.000000 1.000000
0.989081 0.146981 -0.010755 -0.000000 -0.147106 0.989050 -0.011849 11.066900 0.008895 0.013302 0.999872 0.000000 0.000000 0.000000 0.000000 1.000000
0.992642 0.119153 -0.021573 0.000000 -0.119100 0.992875 0.003717 11.066900 0.021862 -0.001120 0.999760 -0.000000 0.000000 0.000000 0.000000 1.000000
0.994859 0.095189 -0.034577 0.000000 -0.095015 0.995454 0.006653 11.066900 0.035053 -0.003334 0.999380 0.000000 0.000000 0.000000 0.000000 1.000000
0.995566 0.081430 -0.047096 0.000000 -0.081371 0.996679 0.003175 11.066900 0.047198 0.000671 0.998885 -0.000000 0.000000 0.000000 0.000000 1.000000
0.995089 0.079237 -0.059322 0.000000 -0.079259 0.996852 0.001993 11.066900 0.059293 0.002719 0.998237 -0.000000 0.000000 0.000000 0.000000 1.000000
0.994202 0.081232 -0.070460 0.000000 -0.080895 0.996693 0.007626 11.066900 0.070847 -0.001881 0.997485 -0.000000 0.000000 0.000000 0.000000 1.000000
0.993713 0.078115 -0.080203 0.000000 -0.076915 0.996876 0.017949 11.066900 0.081355 -0.011668 0.996617 0.000000 0.000000 0.000000 0.000000 1.000000
0.993441 0.070467 -0.090056 0.000000 -0.068390 0.997321 0.025944 11.066900 0.091643 -0.019615 0.995599 0.000000 0.000000 0.000000 0.000000 1.000000
0.993464 0.055076 -0.099982 0.000000 -0.052811 0.998288 0.025160 11.066900 0.101197 -0.019715 0.994671 0.000000 0.000000 0.000000 0.000000 1.000000
0.993262 0.034304 -0.110695 0.000000 -0.033206 0.999379 0.011753 11.066900 0.111029 -0.007998 0.993785 0.000000 0.000000 0.000000 0.000000 1.000000
0.992288 0.013768 -0.123190 0.000000 -0.015544 0.999789 -0.013461 11.066900 0.122979 0.015272 0.992292 0.000000 0.000000 0.000000 0.000000 1.000000
0.990720 -0.001649 -0.135906 0.000000 -0.004073 0.999117 -0.041815 11.066900 0.135855 0.041981 0.989839 0.000000 0.000000 0.000000 0.000000 1.000000
0.989253 -0.011915 -0.145725 0.000000 0.002959 0.998102 -0.061517 11.066900 0.146181 0.060425 0.987411 0.000000 0.000000 0.000000 0.000000 1.000000
0.988626 -0.020237 -0.149027 -0.000000 0.010569 0.997804 -0.065383 11.066900 0.150023 0.063065 0.986669 0.000000 0.000000 0.000000 0.000000 1.000000
0.989324 -0.029435 -0.142729 0.000000 0.021932 0.998308 -0.053860 11.066900 0.144073 0.050155 0.988295 0.000000 0.000000 0.000000 0.000000 1.000000
0.991001 -0.039028 -0.128036 -0.000000 0.034888 0.998798 -0.034424 11.066900 0.129225 0.029647 0.991172 0.000000 0.000000 0.000000 0.000000 1.000000
0.992902 -0.047642 -0.108977 0.000000 0.046159 0.998805 -0.016084 11.066900 0.109613 0.010939 0.993914 -0.000000 0.000000 0.000000 0.000000 1.000000
0.994551 -0.053824 -0.089281 0.000000 0.053679 0.998550 -0.004025 11.066900 0.089368 -0.000789 0.995998 0.000000 0.000000 0.000000 0.000000 1.000000
0.995821 -0.057449 -0.070990 -0.000000 0.057660 0.998336 0.000928 11.066900 0.070819 -0.005017 0.997477 0.000000 0.000000 0.000000 0.000000 1.000000
0.996747 -0.059865 -0.053951 -0.000000 0.060008 0.998197 0.001034 11.066900 0.053792 -0.004268 0.998543 0.000000 0.000000 0.000000 0.000000 1.000000
0.997337 -0.062903 -0.036894 -0.000000 0.062937 0.998017 -0.000237 11.066900 0.036836 -0.002085 0.999319 0.000000 0.000000 0.000000 0.000000 1.000000
0.997522 -0.067661 -0.019291 0.000000 0.067670 0.997708 -0.000173 11.066900 0.019258 -0.001133 0.999814 -0.000000 0.000000 0.000000 0.000000 1.000000
0.997288 -0.073571 -0.001944 0.000000 0.073575 0.997287 0.002299 11.066900 0.001770 -0.002436 0.999995 0.000000 0.000000 0.000000 0.000000 1.000000
0.996831 -0.078418 0.013357 0.000000 0.078333 0.996904 0.006828 11.066900 -0.013851 -0.005760 0.999887 0.000000 0.000000 0.000000 0.000000 1.000000
0.996530 -0.079480 0.024710 -0.000000 0.079198 0.996784 0.012190 11.066900 -0.025600 -0.010190 0.999620 0.000000 0.000000 0.000000 0.000000 1.000000
0.996715 -0.074866 0.030903 0.000000 0.074375 0.997090 0.016731 11.066900 -0.032065 -0.014377 0.999382 0.000000 0.000000 0.000000 0.000000 1.000000
0.997400 -0.064561 0.032020 0.000000 0.063971 0.997769 0.019108 11.066900 -0.033183 -0.017010 0.999305 0.000000 0.000000 0.000000 0.000000 1.000000
0.998310 -0.050163 0.029340 0.000000 0.049630 0.998594 0.018625 11.066900 -0.030233 -0.017137 0.999396 0.000000 0.000000 0.000000 0.000000 1.000000
0.999095 -0.034359 0.025075 -0.000000 0.033972 0.999299 0.015717 11.066900 -0.025598 -0.014851 0.999562 0.000000 0.000000 0.000000 0.000000 1.000000
0.999582 -0.019628 0.021238 0.000000 0.019382 0.999743 0.011728 11.066900 -0.021463 -0.011311 0.999706 -0.000000 0.000000 0.000000 0.000000 1.000000
0.999789 -0.007569 0.019095 -0.000000 0.007414 0.999939 0.008166 11.066900 -0.019156 -0.008023 0.999784 0.000000 0.000000 0.000000 0.000000 1.000000
0.999817 0.001467 0.019068 -0.000000 -0.001581 0.999981 0.005998 11.066900 -0.019059 -0.006027 0.999800 0.000000 0.000000 0.000000 0.000000 1.000000
0.999754 0.007430 0.020883 0.000000 -0.007549 0.999955 0.005659 11.066900 -0.020840 -0.005816 0.999766 0.000000 0.000000 0.000000 0.000000 1.000000
0.999658 0.011649 0.023412 0.000000 -0.011802 0.999910 0.006385 11.066900 -0.023335 -0.006659 0.999706 0.000000 0.000000 0.000000 0.000000 1.000000</float_array>
        <technique_common>
          <accessor source="#mixamorig_Spine1-Matrix-animation-output-transform-array" count="56" stride="16">
            <param type="float4x4"/>
          </accessor>
        </technique_common>
      </source>
      <source id="mixamorig_Spine1-Interpolations">
        <Name_array id="mixamorig_Spine1-Interpolations-array" count="56">
 LINEAR LINEAR LINEAR LINEAR LINEAR LINEAR LINEAR LINEAR LINEAR LINEAR LINEAR
LINEAR LINEAR LINEAR LINEAR LINEAR LINEAR LINEAR LINEAR LINEAR LINEAR LINEAR LINEAR
LINEAR LINEAR LINEAR LINEAR LINEAR LINEAR LINEAR LINEAR LINEAR LINEAR LINEAR LINEAR
LINEAR LINEAR LINEAR LINEAR LINEAR LINEAR LINEAR LINEAR LINEAR LINEAR LINEAR LINEAR
LINEAR LINEAR LINEAR LINEAR LINEAR LINEAR LINEAR LINEAR LINEAR</Name_array>
        <technique_common>
          <accessor source="#mixamorig_Spine1-Interpolations-array" count="56">
            <param type="name"/>
          </accessor>
        </technique_common>
      </source>
      <sampler id="mixamorig_Spine1-Matrix-animation-transform">
        <input semantic="INPUT" source="#mixamorig_Spine1-Matrix-animation-input"/>
        <input semantic="OUTPUT" source="#mixamorig_Spine1-Matrix-animation-output-transform"/>
        <input semantic="INTERPOLATION" source="#mixamorig_Spine1-Interpolations"/>
      </sampler>
      <channel source="#mixamorig_Spine1-Matrix-animation-transform" target="mixamorig_Spine1/matrix"/>
    </animation>
    <animation id="mixamorig_Spine2-anim" name="mixamorig_Spine2">
      <source id="mixamorig_Spine2-Matrix-animation-input">
        <float_array id="mixamorig_Spine2-Matrix-animation-input-array" count="56">

0.000000 0.033333 0.066667 0.100000 0.133333 0.166667 0.200000 0.233333 0.266667 0.300000 0.333333 0.366667 0.400000 0.433333 0.466667 0.500000
0.533333 0.566667 0.600000 0.633333 0.666667 0.700000 0.733333 0.766667 0.800000 0.833333 0.866667 0.900000 0.933333 0.966667 1.000000 1.033333
1.066667 1.100000 1.133333 1.166667 1.200000 1.233333 1.266667 1.300000 1.333333 1.366667 1.400000 1.433333 1.466667 1.500000 1.533333 1.566667
1.600000 1.633333 1.666667 1.700000 1.733333 1.766667 1.800000 1.833333</float_array>
        <technique_common>
          <accessor source="#mixamorig_Spine2-Matrix-animation-input-array" count="56">
            <param name="TIME" type="float"/>
          </accessor>
        </technique_common>
      </source>
      <source id="mixamorig_Spine2-Matrix-animation-output-transform">
        <float_array id="mixamorig_Spine2-Matrix-animation-output-transform-array" count="896">

0.999628 0.014760 0.022928 0.000000 -0.009955 0.980335 -0.197089 8.141900 -0.025387 0.196787 0.980118 -0.000000 0.000000 0.000000 0.000000 1.000000
0.999637 0.015907 0.021745 -0.000000 -0.011267 0.979953 -0.198908 8.141900 -0.024473 0.198591 0.979777 0.000000 0.000000 0.000000 0.000000 1.000000
0.999631 0.017868 0.020438 0.000000 -0.013361 0.979182 -0.202543 8.141900 -0.023632 0.202195 0.979060 -0.000000 0.000000 0.000000 0.000000 1.000000
0.999585 0.021372 0.019335 0.000000 -0.016876 0.977890 -0.208440 8.141900 -0.023362 0.208027 0.977844 0.000000 0.000000 0.000000 0.000000 1.000000
0.999475 0.026195 0.019088 0.000000 -0.021452 0.976093 -0.216290 8.141900 -0.024298 0.215767 0.976143 0.000000 0.000000 0.000000 0.000000 1.000000
0.999298 0.031584 0.020124 0.000000 -0.026238 0.973872 -0.225575 8.141900 -0.026723 0.224889 0.974018 -0.000000 0.000000 0.000000 0.000000 1.000000
0.999068 0.036631 0.022826 -0.000000 -0.030254 0.971540 -0.234935 8.141900 -0.030783 0.234026 0.971743 0.000000 0.000000 0.000000 0.000000 1.000000
0.998787 0.041176 0.027001 0.000000 -0.033392 0.969412 -0.243156 8.141900 -0.036187 0.241960 0.969611 0.000000 0.000000 0.000000 0.000000 1.000000
0.998445 0.045645 0.032016 0.000000 -0.036264 0.967845 -0.248918 8.141900 -0.042349 0.247369 0.967995 0.000000 0.000000 0.000000 0.000000 1.000000
0.998014 0.051200 0.036706 0.000000 -0.040364 0.967036 -0.251419 8.141900 -0.048368 0.249438 0.967182 0.000000 0.000000 0.000000 0.000000 1.000000
0.997462 0.059013 0.039849 0.000000 -0.047184 0.966885 -0.250813 8.141900 -0.053331 0.248296 0.967215 0.000000 0.000000 0.000000 0.000000 1.000000
0.996736 0.069960 0.040276 0.000000 -0.057844 0.966986 -0.248178 8.141900 -0.056309 0.245039 0.967877 0.000000 0.000000 0.000000 0.000000 1.000000
0.995735 0.084422 0.037212 0.000000 -0.072825 0.966841 -0.244774 8.141900 -0.056642 0.241020 0.968866 0.000000 0.000000 0.000000 0.000000 1.000000
0.994371 0.101425 0.030663 0.000000 -0.091066 0.965987 -0.242023 8.141900 -0.054168 0.237868 0.969786 0.000000 0.000000 0.000000 0.000000 1.000000
0.992622 0.119312 0.021583 0.000000 -0.110650 0.964170 -0.241106 8.141900 -0.049577 0.236939 0.970259 -0.000000 0.000000 0.000000 0.000000 1.000000
0.990595 0.136319 0.011748 0.000000 -0.129419 0.961382 -0.242890 8.141900 -0.044405 0.239086 0.969983 -0.000000 0.000000 0.000000 0.000000 1.000000
0.988443 0.151558 0.003271 0.000000 -0.146039 0.957792 -0.247602 8.141900 -0.040659 0.244263 0.968856 0.000000 0.000000 0.000000 0.000000 1.000000
0.986365 0.164555 -0.002579 0.000000 -0.159812 0.953961 -0.253809 8.141900 -0.039305 0.250760 0.967251 0.000000 0.000000 0.000000 0.000000 1.000000
0.984596 0.174739 -0.006042 0.000000 -0.170330 0.950804 -0.258763 8.141900 -0.039471 0.255807 0.965922 -0.000000 0.000000 0.000000 0.000000 1.000000
0.983550 0.180453 -0.008109 -0.000000 -0.176432 0.950064 -0.257389 8.141900 -0.038742 0.254586 0.966274 -0.000000 0.000000 0.000000 0.000000 1.000000
0.983748 0.179212 -0.011080 0.000000 -0.176398 0.953095 -0.245956 8.141900 -0.033518 0.243913 0.969218 0.000000 0.000000 0.000000 0.000000 1.000000
0.985657 0.167873 -0.017294 0.000000 -0.167433 0.959915 -0.224790 8.141900 -0.021135 0.224461 0.974254 0.000000 0.000000 0.000000 0.000000 1.000000
0.989312 0.143498 -0.025900 0.000000 -0.145771 0.968858 -0.200161 8.141900 -0.003629 0.201797 0.979421 0.000000 0.000000 0.000000 0.000000 1.000000
0.993192 0.110695 -0.036280 0.000000 -0.115509 0.976163 -0.183749 8.141900 0.015075 0.186689 0.982303 0.000000 0.000000 0.000000 0.000000 1.000000
0.995557 0.081110 -0.047819 0.000000 -0.088489 0.979527 -0.180821 8.141900 0.032173 0.184249 0.982353 0.000000 0.000000 0.000000 0.000000 1.000000
0.996034 0.064974 -0.060780 0.000000 -0.075236 0.979744 -0.185583 8.141900 0.047491 0.189420 0.980747 0.000000 0.000000 0.000000 0.000000 1.000000
0.995556 0.059769 -0.072776 0.000000 -0.072515 0.979587 -0.187483 8.141900 0.060085 0.191928 0.979568 0.000000 0.000000 0.000000 0.000000 1.000000
0.994713 0.059429 -0.083755 0.000000 -0.073909 0.980507 -0.182053 8.141900 0.071303 0.187281 0.979715 -0.000000 0.000000 0.000000 0.000000 1.000000
0.993819 0.058592 -0.094292 0.000000 -0.074241 0.982275 -0.172116 8.141900 0.082536 0.178052 0.980554 -0.000000 0.000000 0.000000 0.000000 1.000000
0.993683 0.045787 -0.102456 0.000000 -0.062297 0.984450 -0.164246 8.141900 0.093342 0.169591 0.981084 0.000000 0.000000 0.000000 0.000000 1.000000
0.993668 0.023946 -0.109772 0.000000 -0.042068 0.985249 -0.165874 8.141900 0.104181 0.169441 0.980018 0.000000 0.000000 0.000000 0.000000 1.000000
0.993148 -0.000987 -0.116857 0.000000 -0.020355 0.983218 -0.181294 8.141900 0.115075 0.182431 0.976461 0.000000 0.000000 0.000000 0.000000 1.000000
0.992020 -0.022679 -0.124023 -0.000000 -0.003484 0.978381 -0.206782 8.141900 0.126032 0.205564 0.970495 0.000000 0.000000 0.000000 0.000000 1.000000
0.990470 -0.038117 -0.132349 0.000000 0.006213 0.972327 -0.233540 8.141900 0.137588 0.230492 0.963298 -0.000000 0.000000 0.000000 0.000000 1.000000
0.988960 -0.047591 -0.140334 0.000000 0.010952 0.967909 -0.251064 8.141900 0.147779 0.246755 0.957744 -0.000000 0.000000 0.000000 0.000000 1.000000
0.988241 -0.054314 -0.142933 0.000000 0.016569 0.967319 -0.253022 8.141900 0.152005 0.247678 0.956844 0.000000 0.000000 0.000000 0.000000 1.000000
0.988763 -0.061024 -0.136470 0.000000 0.026548 0.970057 -0.241422 8.141900 0.147116 0.235086 0.960776 0.000000 0.000000 0.000000 0.000000 1.000000
0.990327 -0.068618 -0.120601 -0.000000 0.040245 0.973848 -0.223608 8.141900 0.132791 0.216592 0.967189 0.000000 0.000000 0.000000 0.000000 1.000000
