<?xml version="1.0" encoding="utf-8"?>
<COLLADA xmlns="http://www.collada.org/2005/11/COLLADASchema" version="1.4.1">
  <asset>
    <contributor>
      <author>Mixamo</author>
      <authoring_tool>COLLADA Mixamo exporter</authoring_tool>
      <comments/>
    </contributor>
    <created>2024-02-27T13:39:58Z</created>
    <modified>2024-02-27T13:39:58Z</modified>
    <revision/>
    <title/>
    <unit meter="0.010000"/>
    <up_axis>Y_UP</up_axis>
  </asset>
  <library_animations>
    <animation id="mixamorig_Hips-anim" name="mixamorig_Hips">
      <source id="mixamorig_Hips-Matrix-animation-input">
        <float_array id="mixamorig_Hips-Matrix-animation-input-array" count="42">

0.000000 0.033333 0.066667 0.100000 0.133333 0.166667 0.200000 0.233333 0.266667 0.300000 0.333333 0.366667 0.400000 0.433333 0.466667 0.500000
0.533333 0.566667 0.600000 0.633333 0.666667 0.700000 0.733333 0.766667 0.800000 0.833333 0.866667 0.900000 0.933333 0.966667 1.000000 1.033333
1.066667 1.100000 1.133333 1.166667 1.200000 1.233333 1.266667 1.300000 1.333333 1.366667</float_array>
        <technique_common>
          <accessor source="#mixamorig_Hips-Matrix-animation-input-array" count="42">
            <param name="TIME" type="float"/>
          </accessor>
        </technique_common>
      </source>
      <source id="mixamorig_Hips-Matrix-animation-output-transform">
        <float_array id="mixamorig_Hips-Matrix-animation-output-transform-array" count="672">

0.897469 -0.021683 -0.440544 -0.002137 -0.004072 0.998341 -0.057431 93.991608 0.441059 0.053337 0.895892 -0.001486 0.000000 0.000000 0.000000 1.000000
0.886667 -0.032089 -0.461294 -0.159100 0.002959 0.997963 -0.063733 94.605072 0.462399 0.055144 0.884955 -0.871110 0.000000 0.000000 0.000000 1.000000
0.873919 -0.040375 -0.484392 -0.215850 0.007330 0.997526 -0.069922 95.117798 0.486016 0.057556 0.872052 -1.881185 0.000000 0.000000 0.000000 1.000000
0.861085 -0.045214 -0.506447 -0.138424 0.008444 0.997173 -0.074666 95.458755 0.508391 0.060017 0.859032 -2.787183 0.000000 0.000000 0.000000 1.000000
0.848626 -0.045061 -0.527070 0.025085 0.005712 0.997088 -0.076046 95.529350 0.528962 0.061524 0.846412 -3.647182 0.000000 0.000000 0.000000 1.000000
0.835619 -0.040089 -0.547844 0.236421 -0.000292 0.997301 -0.073424 95.435822 0.549309 0.061515 0.833352 -4.451516 0.000000 0.000000 0.000000 1.000000
0.820755 -0.032188 -0.570372 0.453521 -0.008841 0.997576 -0.069018 95.132423 0.571211 0.061690 0.818482 -4.882281 0.000000 0.000000 0.000000 1.000000
0.804542 -0.022936 -0.593452 0.781233 -0.020266 0.997612 -0.066031 94.624115 0.593550 0.065152 0.802156 -4.954953 0.000000 0.000000 0.000000 1.000000
0.789961 -0.012917 -0.613021 1.259392 -0.033912 0.997327 -0.064715 93.976074 0.612219 0.071911 0.787412 -4.587425 0.000000 0.000000 0.000000 1.000000
0.780667 -0.004261 -0.624932 1.894219 -0.044859 0.997015 -0.062836 93.370422 0.623335 0.077088 0.778146 -3.261294 0.000000 0.000000 0.000000 1.000000
0.779032 -0.002060 -0.626981 2.604689 -0.045250 0.997202 -0.059501 92.697098 0.625349 0.074724 0.776759 -1.101772 0.000000 0.000000 0.000000 1.000000
0.782338 -0.003044 -0.622846 3.534886 -0.040249 0.997651 -0.055430 92.398071 0.621552 0.068434 0.780378 1.117992 0.000000 0.000000 0.000000 1.000000
0.786506 -0.004123 -0.617569 4.782156 -0.034615 0.998112 -0.050746 92.213989 0.616612 0.061289 0.784878 3.644930 0.000000 0.000000 0.000000 1.000000
0.791169 -0.005414 -0.611574 5.989426 -0.028555 0.998543 -0.045781 92.043945 0.610931 0.053683 0.789862 5.725987 0.000000 0.000000 0.000000 1.000000
0.796187 -0.006729 -0.605013 7.093668 -0.022649 0.998906 -0.040916 91.919586 0.604626 0.046280 0.795164 6.921703 0.000000 0.000000 0.000000 1.000000
0.801424 -0.007959 -0.598043 7.972502 -0.017350 0.999181 -0.036548 91.896553 0.597844 0.039666 0.800630 7.573108 0.000000 0.000000 0.000000 1.000000
0.806783 -0.008961 -0.590780 8.539559 -0.013125 0.999366 -0.033082 92.010925 0.590702 0.034444 0.806154 7.845785 0.000000 0.000000 0.000000 1.000000
0.812116 -0.009441 -0.583420 8.863083 -0.010605 0.999465 -0.030936 92.177292 0.583400 0.031311 0.811582 7.619778 0.000000 0.000000 0.000000 1.000000
0.817482 -0.008557 -0.575891 9.118465 -0.011726 0.999435 -0.031496 92.519592 0.575835 0.032500 0.816920 7.298412 0.000000 0.000000 0.000000 1.000000
0.821750 -0.007425 -0.569800 9.332418 -0.015468 0.999256 -0.035328 93.142944 0.569638 0.037844 0.821024 6.762205 0.000000 0.000000 0.000000 1.000000
0.825738 -0.006970 -0.564011 9.517393 -0.017320 0.999139 -0.037706 93.805382 0.563788 0.040904 0.824906 5.961420 0.000000 0.000000 0.000000 1.000000
0.832783 -0.006636 -0.553559 9.623473 -0.018437 0.999041 -0.039713 94.498909 0.553292 0.043278 0.831862 5.049293 0.000000 0.000000 0.000000 1.000000
0.843684 -0.006466 -0.536801 9.628845 -0.019277 0.998918 -0.042330 95.060638 0.536494 0.046061 0.842646 3.968989 0.000000 0.000000 0.000000 1.000000
0.856469 -0.006512 -0.516157 9.585705 -0.019440 0.998804 -0.044857 95.483101 0.515832 0.048453 0.855318 2.733377 0.000000 0.000000 0.000000 1.000000
0.868460 -0.007461 -0.495703 9.533545 -0.017893 0.998764 -0.046382 95.837051 0.495436 0.049151 0.867253 1.396056 0.000000 0.000000 0.000000 1.000000
0.878374 -0.012022 -0.477823 9.350308 -0.012173 0.998797 -0.047508 95.819534 0.477819 0.047546 0.877171 0.018419 0.000000 0.000000 0.000000 1.000000
0.886481 -0.021287 -0.462275 9.011518 -0.001342 0.998819 -0.048566 95.523224 0.462763 0.043673 0.885406 -1.255779 0.000000 0.000000 0.000000 1.000000
0.893615 -0.033664 -0.447569 8.552213 0.013078 0.998713 -0.049007 94.936455 0.448643 0.037940 0.892905 -2.195077 0.000000 0.000000 0.000000 1.000000
0.900772 -0.044468 -0.432010 8.023696 0.026344 0.998507 -0.047851 94.198608 0.433493 0.031722 0.900599 -2.726933 0.000000 0.000000 0.000000 1.000000
0.909019 -0.048569 -0.413915 7.390999 0.032582 0.998428 -0.045601 93.516441 0.415479 0.027966 0.909173 -2.609512 0.000000 0.000000 0.000000 1.000000
0.918724 -0.044287 -0.392410 6.602561 0.028933 0.998570 -0.044959 93.097313 0.393840 0.029952 0.918691 -1.732682 0.000000 0.000000 0.000000 1.000000
0.928132 -0.033309 -0.370757 5.726933 0.016621 0.998703 -0.048118 92.764915 0.371879 0.038498 0.927483 -0.437440 0.000000 0.000000 0.000000 1.000000
0.933603 -0.018760 -0.357818 4.861157 0.000094 0.998641 -0.052112 92.460442 0.358310 0.048618 0.932336 1.064870 0.000000 0.000000 0.000000 1.000000
0.932676 -0.004247 -0.360691 4.020577 -0.015042 0.998603 -0.050655 92.165199 0.360402 0.052670 0.931309 2.241688 0.000000 0.000000 0.000000 1.000000
0.927077 0.006419 -0.374816 3.320454 -0.024625 0.998737 -0.043806 91.796310 0.374061 0.049841 0.926064 2.761915 0.000000 0.000000 0.000000 1.000000
0.922640 0.009120 -0.385555 2.521093 -0.027232 0.998766 -0.041540 91.167175 0.384700 0.048826 0.921749 2.949706 0.000000 0.000000 0.000000 1.000000
0.919034 0.008426 -0.394088 1.795960 -0.027097 0.998757 -0.041836 91.040283 0.393246 0.049128 0.918120 2.879435 0.000000 0.000000 0.000000 1.000000
0.915904 0.005384 -0.401361 1.285994 -0.025161 0.998714 -0.044021 91.514969 0.400607 0.050418 0.914862 2.556766 0.000000 0.000000 0.000000 1.000000
0.913225 -0.001338 -0.407452 0.888684 -0.020454 0.998583 -0.049122 91.982376 0.406941 0.053194 0.911904 2.152649 0.000000 0.000000 0.000000 1.000000
0.908955 -0.008820 -0.416801 0.477891 -0.014756 0.998469 -0.053309 92.663269 0.416633 0.054606 0.907433 1.524785 0.000000 0.000000 0.000000 1.000000
0.903334 -0.016334 -0.428626 0.193616 -0.008850 0.998352 -0.056696 93.365799 0.428846 0.055009 0.901701 0.769158 0.000000 0.000000 0.000000 1.000000
0.897469 -0.021683 -0.440544 -0.002136 -0.004072 0.998341 -0.057431 93.991608 0.441059 0.053337 0.895892 -0.001487 0.000000 0.000000 0.000000 1.000000</float_array>
        <technique_common>
          <accessor source="#mixamorig_Hips-Matrix-animation-output-transform-array" count="42" stride="16">
            <param type="float4x4"/>
          </accessor>
        </technique_common>
      </source>
      <source id="mixamorig_Hips-Interpolations">
        <Name_array id="mixamorig_Hips-Interpolations-array" count="42">
 LINEAR LINEAR LINEAR LINEAR LINEAR LINEAR LINEAR LINEAR LINEAR LINEAR LINEAR
LINEAR LINEAR LINEAR LINEAR LINEAR LINEAR LINEAR LINEAR LINEAR LINEAR LINEAR LINEAR
LINEAR LINEAR LINEAR LINEAR LINEAR LINEAR LINEAR LINEAR LINEAR LINEAR LINEAR LINEAR
LINEAR LINEAR LINEAR LINEAR LINEAR LINEAR LINEAR</Name_array>
        <technique_common>
          <accessor source="#mixamorig_Hips-Interpolations-array" count="42">
            <param type="name"/>
          </accessor>
        </technique_common>
      </source>
      <sampler id="mixamorig_Hips-Matrix-animation-transform">
        <input semantic="INPUT" source="#mixamorig_Hips-Matrix-animation-input"/>
        <input semantic="OUTPUT" source="#mixamorig_Hips-Matrix-animation-output-transform"/>
        <input semantic="INTERPOLATION" source="#mixamorig_Hips-Interpolations"/>
      </sampler>
      <channel source="#mixamorig_Hips-Matrix-animation-transform" target="mixamorig_Hips/matrix"/>
    </animation>
    <animation id="mixamorig_Spine-anim" name="mixamorig_Spine">
      <source id="mixamorig_Spine-Matrix-animation-input">
        <float_array id="mixamorig_Spine-Matrix-animation-input-array" count="42">

0.000000 0.033333 0.066667 0.100000 0.133333 0.166667 0.200000 0.233333 0.266667 0.300000 0.333333 0.366667 0.400000 0.433333 0.466667 0.500000
0.533333 0.566667 0.600000 0.633333 0.666667 0.700000 0.733333 0.766667 0.800000 0.833333 0.866667 0.900000 0.933333 0.966667 1.000000 1.033333
1.066667 1.100000 1.133333 1.166667 1.200000 1.233333 1.266667 1.300000 1.333333 1.366667</float_array>
        <technique_common>
          <accessor source="#mixamorig_Spine-Matrix-animation-input-array" count="42">
            <param name="TIME" type="float"/>
          </accessor>
        </technique_common>
      </source>
      <source id="mixamorig_Spine-Matrix-animation-output-transform">
        <float_array id="mixamorig_Spine-Matrix-animation-output-transform-array" count="672">

0.993985 -0.093182 -0.057538 0.004700 0.072993 0.955373 -0.286242 5.245300 0.081643 0.280321 0.956428 0.258800 0.000000 0.000000 0.000000 1.000000
0.996083 -0.072934 -0.050002 0.004700 0.055239 0.954756 -0.292214 5.245300 0.069052 0.288308 0.955045 0.258800 0.000000 0.000000 0.000000 1.000000
0.997536 -0.057366 -0.040379 0.004700 0.042699 0.953193 -0.299334 5.245300 0.055661 0.296872 0.953294 0.258800 0.000000 0.000000 0.000000 1.000000
0.998573 -0.044542 -0.029463 0.004700 0.033337 0.950901 -0.307696 5.245300 0.041722 0.306275 0.951028 0.258800 0.000000 0.000000 0.000000 1.000000
0.999253 -0.035164 -0.016027 0.004700 0.028277 0.948007 -0.316991 5.245300 0.026340 0.316301 0.948293 0.258800 0.000000 0.000000 0.000000 1.000000
0.999546 -0.030129 0.000832 0.004700 0.028754 0.944935 -0.325994 5.245300 0.009036 0.325869 0.945372 0.258800 0.000000 0.000000 0.000000 1.000000
0.999326 -0.030290 0.020739 0.004700 0.035467 0.942419 -0.332548 5.245300 -0.009472 0.333059 0.942858 0.258800 0.000000 0.000000 0.000000 1.000000
0.998481 -0.036114 0.041614 0.004700 0.047973 0.941283 -0.334194 5.245300 -0.027101 0.335683 0.941585 0.258800 0.000000 0.000000 0.000000 1.000000
0.997069 -0.047295 0.060140 0.004700 0.064545 0.942024 -0.329278 5.245300 -0.041080 0.332195 0.942316 0.258800 0.000000 0.000000 0.000000 1.000000
0.995339 -0.062750 0.073230 0.004700 0.082934 0.944487 -0.317908 5.245300 -0.049216 0.322499 0.945289 0.258800 0.000000 0.000000 0.000000 1.000000
0.993562 -0.080821 0.079385 0.004700 0.101247 0.947861 -0.302174 5.245300 -0.050824 0.308266 0.949941 0.258800 0.000000 0.000000 0.000000 1.000000
0.991839 -0.099775 0.079370 0.004700 0.118516 0.951022 -0.285500 5.245300 -0.046997 0.292577 0.955086 0.258800 0.000000 0.000000 0.000000 1.000000
0.990064 -0.118398 0.075869 0.004700 0.134763 0.952973 -0.271443 5.245300 -0.040163 0.278970 0.959460 0.258800 0.000000 0.000000 0.000000 1.000000
0.988227 -0.135236 0.071550 0.004700 0.149464 0.953258 -0.262603 5.245300 -0.032692 0.270205 0.962248 0.258800 0.000000 0.000000 0.000000 1.000000
0.986563 -0.148758 0.067568 0.004700 0.161355 0.952065 -0.259877 5.245300 -0.025671 0.267288 0.963275 0.258800 0.000000 0.000000 0.000000 1.000000
0.985491 -0.157456 0.063359 0.004700 0.168672 0.950109 -0.262378 5.245300 -0.018885 0.269258 0.962883 0.258800 0.000000 0.000000 0.000000 1.000000
0.985272 -0.160905 0.057860 0.004700 0.170588 0.948211 -0.267948 5.245300 -0.011750 0.273872 0.961694 0.258800 0.000000 0.000000 0.000000 1.000000
0.985782 -0.160133 0.050899 0.004700 0.167973 0.946874 -0.274253 5.245300 -0.004278 0.278904 0.960310 0.258800 0.000000 0.000000 0.000000 1.000000
0.986633 -0.157154 0.043113 0.004700 0.162929 0.946092 -0.279937 5.245300 0.003204 0.283219 0.959050 0.258800 0.000000 0.000000 0.000000 1.000000
0.987511 -0.153604 0.035042 0.004700 0.157189 0.945528 -0.285075 5.245300 0.010656 0.287022 0.957865 0.258800 0.000000 0.000000 0.000000 1.000000
0.988197 -0.150854 0.026659 0.004700 0.152049 0.944654 -0.290707 5.245300 0.018671 0.291329 0.956441 0.258800 0.000000 0.000000 0.000000 1.000000
0.988607 -0.149502 0.017483 0.004700 0.147878 0.943000 -0.298133 5.245300 0.028085 0.297322 0.954364 0.258800 0.000000 0.000000 0.000000 1.000000
0.988871 -0.148610 0.006981 0.004700 0.143501 0.940392 -0.308334 5.245300 0.039257 0.305904 0.951253 0.258800 0.000000 0.000000 0.000000 1.000000
0.989283 -0.145926 -0.005030 0.004700 0.136581 0.937010 -0.321493 5.245300 0.051627 0.317361 0.946899 0.258800 0.000000 0.000000 0.000000 1.000000
0.990126 -0.138972 -0.018389 0.004700 0.124747 0.933324 -0.336667 5.245300 0.063950 0.331049 0.941444 0.258800 0.000000 0.000000 0.000000 1.000000
0.991420 -0.126477 -0.033021 0.004700 0.106926 0.929985 -0.351701 5.245300 0.075191 0.345153 0.935530 0.258800 0.000000 0.000000 0.000000 1.000000
0.992745 -0.109734 -0.049159 0.004700 0.084543 0.927723 -0.363569 5.245300 0.085502 0.356775 0.930269 0.258800 0.000000 0.000000 0.000000 1.000000
0.993412 -0.093014 -0.066937 0.004700 0.061953 0.927312 -0.369127 5.245300 0.096406 0.362548 0.926965 0.258800 0.000000 0.000000 0.000000 1.000000
0.992913 -0.082113 -0.085914 0.004700 0.045186 0.929467 -0.366127 5.245300 0.109918 0.359650 0.926590 0.258800 0.000000 0.000000 0.000000 1.000000
0.991134 -0.081807 -0.104699 0.004700 0.039699 0.934319 -0.354221 5.245300 0.126800 0.346923 0.929282 0.258800 0.000000 0.000000 0.000000 1.000000
0.988244 -0.093217 -0.121175 0.004700 0.047621 0.940866 -0.335414 5.245300 0.145276 0.325701 0.934245 0.258800 0.000000 0.000000 0.000000 1.000000
0.984654 -0.113459 -0.132605 0.004700 0.066899 0.947174 -0.313666 5.245300 0.161188 0.299981 0.940229 0.258800 0.000000 0.000000 0.000000 1.000000
0.981131 -0.136531 -0.136902 0.004700 0.091474 0.951589 -0.293445 5.245300 0.170339 0.275385 0.946122 0.258800 0.000000 0.000000 0.000000 1.000000
0.978709 -0.155555 -0.133906 0.004700 0.113555 0.953826 -0.278067 5.245300 0.170978 0.256941 0.951182 0.258800 0.000000 0.000000 0.000000 1.000000
0.978122 -0.165964 -0.125434 0.004700 0.127511 0.954701 -0.268863 5.245300 0.164374 0.246987 0.954976 0.258800 0.000000 0.000000 0.000000 1.000000
0.979364 -0.166541 -0.114500 0.004700 0.131415 0.955178 -0.265263 5.245300 0.153545 0.244742 0.957353 0.258800 0.000000 0.000000 0.000000 1.000000
0.981824 -0.158898 -0.103793 0.004700 0.126596 0.955732 -0.265611 5.245300 0.141403 0.247643 0.958477 0.258800 0.000000 0.000000 0.000000 1.000000
0.984731 -0.146182 -0.094528 0.004700 0.116227 0.956340 -0.268153 5.245300 0.129600 0.253071 0.958728 0.258800 0.000000 0.000000 0.000000 1.000000
0.987508 -0.131807 -0.086340 0.004700 0.103943 0.956743 -0.271734 5.245300 0.118421 0.259365 0.958492 0.258800 0.000000 0.000000 0.000000 1.000000
0.989999 -0.117568 -0.077977 0.004700 0.091890 0.956779 -0.275916 5.245300 0.107046 0.265991 0.958014 0.258800 0.000000 0.000000 0.000000 1.000000
0.992218 -0.104165 -0.068215 0.004700 0.081091 0.956328 -0.280823 5.245300 0.094488 0.273106 0.957332 0.258800 0.000000 0.000000 0.000000 1.000000
0.993985 -0.093182 -0.057538 0.004700 0.072993 0.955373 -0.286242 5.245300 0.081643 0.280321 0.956428 0.258800 0.000000 0.000000 0.000000 1.000000</float_array>
        <technique_common>
          <accessor source="#mixamorig_Spine-Matrix-animation-output-transform-array" count="42" stride="16">
            <param type="float4x4"/>
          </accessor>
        </technique_common>
      </source>
      <source id="mixamorig_Spine-Interpolations">
        <Name_array id="mixamorig_Spine-Interpolations-array" count="42">
 LINEAR LINEAR LINEAR LINEAR LINEAR LINEAR LINEAR LINEAR LINEAR LINEAR LINEAR
LINEAR LINEAR LINEAR LINEAR LINEAR LINEAR LINEAR LINEAR LINEAR LINEAR LINEAR LINEAR
LINEAR LINEAR LINEAR LINEAR LINEAR LINEAR LINEAR LINEAR LINEAR LINEAR LINEAR LINEAR
LINEAR LINEAR LINEAR LINEAR LINEAR LINEAR LINEAR</Name_array>
        <technique_common>
          <accessor source="#mixamorig_Spine-Interpolations-array" count="42">
            <param type="name"/>
          </accessor>
        </technique_common>
      </source>
      <sampler id="mixamorig_Spine-Matrix-animation-transform">
        <input semantic="INPUT" source="#mixamorig_Spine-Matrix-animation-input"/>
        <input semantic="OUTPUT" source="#mixamorig_Spine-Matrix-animation-output-transform"/>
        <input semantic="INTERPOLATION" source="#mixamorig_Spine-Interpolations"/>
      </sampler>
      <channel source="#mixamorig_Spine-Matrix-animation-transform" target="mixamorig_Spine/matrix"/>
    </animation>
    <animation id="mixamorig_Spine1-anim" name="mixamorig_Spine1">
      <source id="mixamorig_Spine1-Matrix-animation-input">
        <float_array id="mixamorig_Spine1-Matrix-animation-input-array" count="42">

0.000000 0.033333 0.066667 0.100000 0.133333 0.166667 0.200000 0.233333 0.266667 0.300000 0.333333 0.366667 0.400000 0.433333 0.466667 0.500000
0.533333 0.566667 0.600000 0.633333 0.666667 0.700000 0.733333 0.766667 0.800000 0.833333 0.866667 0.900000 0.933333 0.966667 1.000000 1.033333
1.066667 1.100000 1.133333 1.166667 1.200000 1.233333 1.266667 1.300000 1.333333 1.366667</float_array>
        <technique_common>
          <accessor source="#mixamorig_Spine1-Matrix-animation-input-array" count="42">
            <param name="TIME" type="float"/>
          </accessor>
        </technique_common>
      </source>
      <source id="mixamorig_Spine1-Matrix-animation-output-transform">
        <float_array id="mixamorig_Spine1-Matrix-animation-output-transform-array" count="672">

0.999794 0.000910 -0.020280 -0.000000 -0.001418 0.999684 -0.025091 11.066900 0.020250 0.025115 0.999479 0.000000 0.000000 0.000000 0.000000 1.000000
0.999854 0.002520 -0.016909 -0.000000 -0.002938 0.999690 -0.024724 11.066900 0.016841 0.024770 0.999551 0.000000 0.000000 0.000000 0.000000 1.000000
0.999905 0.003921 -0.013199 -0.000000 -0.004241 0.999696 -0.024300 11.066900 0.013099 0.024353 0.999618 0.000000 0.000000 0.000000 0.000000 1.000000
0.999945 0.004763 -0.009387 -0.000000 -0.004985 0.999704 -0.023817 11.066900 0.009271 0.023863 0.999672 0.000000 0.000000 0.000000 0.000000 1.000000
0.999975 0.004844 -0.005223 0.000000 -0.004964 0.999720 -0.023125 11.066900 0.005110 0.023150 0.999719 0.000000 0.000000 0.000000 0.000000 1.000000
0.999992 0.004061 -0.000552 -0.000000 -0.004072 0.999748 -0.022082 11.066900 0.000462 0.022084 0.999756 0.000000 0.000000 0.000000 0.000000 1.000000
0.999987 0.002532 0.004493 -0.000000 -0.002439 0.999783 -0.020687 11.066900 -0.004545 0.020675 0.999776 -0.000000 0.000000 0.000000 0.000000 1.000000
0.999955 0.000703 0.009423 0.000000 -0.000522 0.999815 -0.019208 11.066900 -0.009435 0.019203 0.999771 -0.000000 0.000000 0.000000 0.000000 1.000000
0.999908 -0.000661 0.013536 0.000000 0.000907 0.999834 -0.018207 11.066900 -0.013521 0.018218 0.999743 -0.000000 0.000000 0.000000 0.000000 1.000000
0.999868 -0.000692 0.016230 0.000000 0.000990 0.999831 -0.018360 11.066900 -0.016215 0.018374 0.999700 0.000000 0.000000 0.000000 0.000000 1.000000
0.999849 0.001186 0.017311 -0.000000 -0.000837 0.999797 -0.020145 11.066900 -0.017331 0.020128 0.999647 0.000000 0.000000 0.000000 0.000000 1.000000
0.999842 0.004871 0.017075 0.000000 -0.004468 0.999712 -0.023558 11.066900 -0.017185 0.023478 0.999577 0.000000 0.000000 0.000000 0.000000 1.000000
0.999825 0.009492 0.016112 -0.000000 -0.009037 0.999566 -0.028053 11.066900 -0.016372 0.027902 0.999477 0.000000 0.000000 0.000000 0.000000 1.000000
0.999794 0.013726 0.014934 -0.000000 -0.013231 0.999376 -0.032735 11.066900 -0.015374 0.032531 0.999352 0.000000 0.000000 0.000000 0.000000 1.000000
0.999772 0.016383 0.013703 0.000000 -0.015871 0.999201 -0.036672 11.066900 -0.014292 0.036446 0.999233 0.000000 0.000000 0.000000 0.000000 1.000000
0.999783 0.016873 0.012254 0.000000 -0.016381 0.999098 -0.039184 11.066900 -0.012904 0.038975 0.999157 -0.000000 0.000000 0.000000 0.000000 1.000000
0.999828 0.015331 0.010396 0.000000 -0.014904 0.999088 -0.040001 11.066900 -0.011000 0.039839 0.999146 0.000000 0.000000 0.000000 0.000000 1.000000
0.999890 0.012416 0.008154 -0.000000 -0.012087 0.999155 -0.039274 11.066900 -0.008634 0.039171 0.999195 0.000000 0.000000 0.000000 0.000000 1.000000
0.999943 0.008978 0.005730 0.000000 -0.008758 0.999260 -0.037465 11.066900 -0.006062 0.037413 0.999282 0.000000 0.000000 0.000000 0.000000 1.000000
0.999978 0.005748 0.003267 0.000000 -0.005630 0.999366 -0.035168 11.066900 -0.003467 0.035149 0.999376 -0.000000 0.000000 0.000000 0.000000 1.000000
0.999995 0.003154 0.000695 0.000000 -0.003130 0.999453 -0.032920 11.066900 -0.000799 0.032917 0.999458 0.000000 0.000000 0.000000 0.000000 1.000000
0.999997 0.001329 -0.002184 0.000000 -0.001396 0.999517 -0.031040 11.066900 0.002142 0.031043 0.999516 -0.000000 0.000000 0.000000 0.000000 1.000000
0.999985 0.000241 -0.005482 0.000000 -0.000403 0.999563 -0.029563 11.066900 0.005472 0.029564 0.999548 0.000000 0.000000 0.000000 0.000000 1.000000
0.999959 -0.000158 -0.009084 0.000000 -0.000099 0.999600 -0.028287 11.066900 0.009085 0.028287 0.999559 0.000000 0.000000 0.000000 0.000000 1.000000
0.999919 0.000134 -0.012723 0.000000 -0.000477 0.999637 -0.026952 11.066900 0.012715 0.026956 0.999556 0.000000 0.000000 0.000000 0.000000 1.000000
0.999868 0.001119 -0.016204 -0.000000 -0.001531 0.999676 -0.025413 11.066900 0.016170 0.025435 0.999546 -0.000000 0.000000 0.000000 0.000000 1.000000
0.999804 0.002675 -0.019597 0.000000 -0.003140 0.999713 -0.023740 11.066900 0.019528 0.023797 0.999526 0.000000 0.000000 0.000000 0.000000 1.000000
0.999720 0.004452 -0.023232 0.000000 -0.004967 0.999742 -0.022167 11.066900 0.023128 0.022276 0.999484 -0.000000 0.000000 0.000000 0.000000 1.000000
0.999605 0.005896 -0.027467 0.000000 -0.006473 0.999759 -0.020967 11.066900 0.027337 0.021136 0.999403 0.000000 0.000000 0.000000 0.000000 1.000000
0.999456 0.006433 -0.032361 0.000000 -0.007093 0.999768 -0.020329 11.066900 0.032223 0.020548 0.999269 0.000000 0.000000 0.000000 0.000000 1.000000
0.999282 0.005712 -0.037461 0.000000 -0.006476 0.999772 -0.020325 11.066900 0.037336 0.020553 0.999091 0.000000 0.000000 0.000000 0.000000 1.000000
0.999116 0.003776 -0.041867 0.000000 -0.004656 0.999770 -0.020925 11.066900 0.041779 0.021102 0.998904 0.000000 0.000000 0.000000 0.000000 1.000000
0.999004 0.001061 -0.044604 0.000000 -0.002044 0.999756 -0.022016 11.066900 0.044569 0.022085 0.998762 0.000000 0.000000 0.000000 0.000000 1.000000
0.998981 -0.001776 -0.045106 0.000000 0.000721 0.999726 -0.023398 11.066900 0.045135 0.023342 0.998708 0.000000 0.000000 0.000000 0.000000 1.000000
0.999044 -0.004076 -0.043517 0.000000 0.002998 0.999688 -0.024813 11.066900 0.043605 0.024659 0.998744 0.000000 0.000000 0.000000 0.000000 1.000000
0.999162 -0.005384 -0.040565 0.000000 0.004330 0.999652 -0.026005 11.066900 0.040691 0.025807 0.998838 0.000000 0.000000 0.000000 0.000000 1.000000
0.999296 -0.005554 -0.037115 -0.000000 0.004560 0.999630 -0.026803 11.066900 0.037250 0.026615 0.998951 0.000000 0.000000 0.000000 0.000000 1.000000
0.999420 -0.004743 -0.033736 0.000000 0.003827 0.999624 -0.027157 11.066900 0.033852 0.027013 0.999062 -0.000000 0.000000 0.000000 0.000000 1.000000
0.999528 -0.003298 -0.030541 0.000000 0.002470 0.999630 -0.027102 11.066900 0.030619 0.027014 0.999166 -0.000000 0.000000 0.000000 0.000000 1.000000
0.999625 -0.001601 -0.027320 0.000000 0.000871 0.999643 -0.026709 11.066900 0.027353 0.026675 0.999270 -0.000000 0.000000 0.000000 0.000000 1.000000
0.999717 0.000068 -0.023792 0.000000 -0.000689 0.999660 -0.026057 11.066900 0.023782 0.026066 0.999377 0.000000 0.000000 0.000000 0.000000 1.000000
0.999794 0.000910 -0.020280 0.000000 -0.001418 0.999684 -0.025091 11.066900 0.020250 0.025115 0.999479 0.000000 0.000000 0.000000 0.000000 1.000000</float_array>
        <technique_common>
          <accessor source="#mixamorig_Spine1-Matrix-animation-output-transform-array" count="42" stride="16">
            <param type="float4x4"/>
          </accessor>
        </technique_common>
      </source>
      <source id="mixamorig_Spine1-Interpolations">
        <Name_array id="mixamorig_Spine1-Interpolations-array" count="42">
 LINEAR LINEAR LINEAR LINEAR LINEAR LINEAR LINEAR LINEAR LINEAR LINEAR LINEAR
LINEAR LINEAR LINEAR LINEAR LINEAR LINEAR LINEAR LINEAR LINEAR LINEAR LINEAR LINEAR
LINEAR LINEAR LINEAR LINEAR LINEAR LINEAR LINEAR LINEAR LINEAR LINEAR LINEAR LINEAR
LINEAR LINEAR LINEAR LINEAR LINEAR LINEAR LINEAR</Name_array>
        <technique_common>
          <accessor source="#mixamorig_Spine1-Interpolations-array" count="42">
            <param type="name"/>
          </accessor>
        </technique_common>
      </source>
      <sampler id="mixamorig_Spine1-Matrix-animation-transform">
        <input semantic="INPUT" source="#mixamorig_Spine1-Matrix-animation-input"/>
        <input semantic="OUTPUT" source="#mixamorig_Spine1-Matrix-animation-output-transform"/>
        <input semantic="INTERPOLATION" source="#mixamorig_Spine1-Interpolations"/>
      </sampler>
      <channel source="#mixamorig_Spine1-Matrix-animation-transform" target="mixamorig_Spine1/matrix"/>
    </animation>
    <animation id="mixamorig_Spine2-anim" name="mixamorig_Spine2">
      <source id="mixamorig_Spine2-Matrix-animation-input">
        <float_array id="mixamorig_Spine2-Matrix-animation-input-array" count="42">

0.000000 0.033333 0.066667 0.100000 0.133333 0.166667 0.200000 0.233333 0.266667 0.300000 0.333333 0.366667 0.400000 0.433333 0.466667 0.500000
0.533333 0.566667 0.600000 0.633333 0.666667 0.700000 0.733333 0.766667 0.800000 0.833333 0.866667 0.900000 0.933333 0.966667 1.000000 1.033333
1.066667 1.100000 1.133333 1.166667 1.200000 1.233333 1.266667 1.300000 1.333333 1.366667</float_array>
        <technique_common>
          <accessor source="#mixamorig_Spine2-Matrix-animation-input-array" count="42">
            <param name="TIME" type="float"/>
          </accessor>
        </technique_common>
      </source>
      <source id="mixamorig_Spine2-Matrix-animation-output-transform">
        <float_array id="mixamorig_Spine2-Matrix-animation-output-transform-array" count="672">

0.999506 -0.029745 0.010124 -0.000000 0.030855 0.990048 -0.137303 8.141900 -0.005939 0.137548 0.990477 -0.000000 0.000000 0.000000 0.000000 1.000000
0.999520 -0.027932 0.013378 -0.000000 0.029502 0.990146 -0.136895 8.141900 -0.009422 0.137224 0.990495 0.000000 0.000000 0.000000 0.000000 1.000000
0.999507 -0.026337 0.017116 0.000000 0.028431 0.990224 -0.136561 8.141900 -0.013352 0.136980 0.990484 0.000000 0.000000 0.000000 0.000000 1.000000
0.999463 -0.025205 0.020950 -0.000000 0.027828 0.990296 -0.136157 8.141900 -0.017315 0.136666 0.990466 -0.000000 0.000000 0.000000 0.000000 1.000000
0.999376 -0.024800 0.025134 0.000000 0.027985 0.990384 -0.135488 8.141900 -0.021532 0.136107 0.990460 0.000000 0.000000 0.000000 0.000000 1.000000
0.999236 -0.025268 0.029815 -0.000000 0.029058 0.990500 -0.134409 8.141900 -0.026136 0.135173 0.990477 0.000000 0.000000 0.000000 0.000000 1.000000
0.999041 -0.026489 0.034867 0.000000 0.030906 0.990640 -0.132958 8.141900 -0.031019 0.133908 0.990508 0.000000 0.000000 0.000000 0.000000 1.000000
0.998814 -0.027988 0.039835 -0.000000 0.033005 0.990773 -0.131452 8.141900 -0.035788 0.132611 0.990522 0.000000 0.000000 0.000000 0.000000 1.000000
0.998608 -0.029006 0.044048 -0.000000 0.034535 0.990852 -0.130463 8.141900 -0.039861 0.131802 0.990474 -0.000000 0.000000 0.000000 0.000000 1.000000
0.998488 -0.028743 0.046861 0.000000 0.034654 0.990824 -0.130637 8.141900 -0.042676 0.132063 0.990322 0.000000 0.000000 0.000000 0.000000 1.000000
0.998494 -0.026721 0.047912 0.000000 0.032865 0.990649 -0.132417 8.141900 -0.043925 0.133792 0.990035 -0.000000 0.000000 0.000000 0.000000 1.000000
0.998616 -0.023074 0.047260 0.000000 0.029309 0.990302 -0.135802 8.141900 -0.043668 0.136999 0.989608 0.000000 0.000000 0.000000 0.000000 1.000000
0.998798 -0.018596 0.045346 0.000000 0.024798 0.989800 -0.140288 8.141900 -0.042275 0.141244 0.989072 0.000000 0.000000 0.000000 0.000000 1.000000
0.998978 -0.014482 0.042812 -0.000000 0.020555 0.989216 -0.145015 8.141900 -0.040250 0.145746 0.988503 0.000000 0.000000 0.000000 0.000000 1.000000
0.999118 -0.011867 0.040269 0.000000 0.017750 0.988671 -0.149048 8.141900 -0.038044 0.149632 0.988010 0.000000 0.000000 0.000000 0.000000 1.000000
0.999207 -0.011402 0.038137 0.000000 0.017065 0.988285 -0.151664 8.141900 -0.035961 0.152195 0.987696 0.000000 0.000000 0.000000 0.000000 1.000000
0.999246 -0.013058 0.036568 0.000000 0.018495 0.988125 -0.152534 8.141900 -0.034142 0.153096 0.987621 0.000000 0.000000 0.000000 0.000000 1.000000
0.999239 -0.016232 0.035456 0.000000 0.021438 0.988183 -0.151774 8.141900 -0.032574 0.152419 0.987779 0.000000 0.000000 0.000000 0.000000 1.000000
0.999204 -0.020049 0.034501 0.000000 0.025006 0.988392 -0.149853 8.141900 -0.031096 0.150596 0.988106 0.000000 0.000000 0.000000 0.000000 1.000000
0.999164 -0.023701 0.033298 0.000000 0.028364 0.988669 -0.147406 8.141900 -0.029427 0.148227 0.988515 0.000000 0.000000 0.000000 0.000000 1.000000
0.999149 -0.026665 0.031482 0.000000 0.030962 0.988945 -0.145014 8.141900 -0.027267 0.145866 0.988929 0.000000 0.000000 0.000000 0.000000 1.000000
0.999170 -0.028742 0.028861 0.000000 0.032586 0.989183 -0.143024 8.141900 -0.024438 0.143846 0.989298 -0.000000 0.000000 0.000000 0.000000 1.000000
0.999226 -0.029950 0.025512 0.000000 0.033267 0.989382 -0.141483 8.141900 -0.021004 0.142222 0.989612 0.000000 0.000000 0.000000 0.000000 1.000000
0.999302 -0.030375 0.021746 0.000000 0.033130 0.989568 -0.140209 8.141900 -0.017260 0.140831 0.989883 -0.000000 0.000000 0.000000 0.000000 1.000000
0.999386 -0.030087 0.017937 0.000000 0.032292 0.989773 -0.138947 8.141900 -0.013573 0.139441 0.990137 0.000000 0.000000 0.000000 0.000000 1.000000
0.999472 -0.029163 0.014305 0.000000 0.030856 0.990016 -0.137536 8.141900 -0.010151 0.137904 0.990394 -0.000000 0.000000 0.000000 0.000000 1.000000
0.999556 -0.027782 0.010768 0.000000 0.028990 0.990286 -0.135991 8.141900 -0.006885 0.136242 0.990652 0.000000 0.000000 0.000000 0.000000 1.000000
0.999629 -0.026303 0.007006 0.000000 0.027007 0.990547 -0.134487 8.141900 -0.003402 0.134626 0.990891 -0.000000 0.000000 0.000000 0.000000 1.000000
0.999678 -0.025235 0.002694 -0.000000 0.025369 0.990756 -0.133266 8.141900 0.000693 0.133291 0.991077 0.000000 0.000000 0.000000 0.000000 1.000000
0.999683 -0.025081 -0.002187 0.000000 0.024570 0.990874 -0.132531 8.141900 0.005491 0.132435 0.991177 0.000000 0.000000 0.000000 0.000000 1.000000
0.999633 -0.026127 -0.007190 0.000000 0.024947 0.990884 -0.132384 8.141900 0.010583 0.132156 0.991172 0.000000 0.000000 0.000000 0.000000 1.000000
0.999534 -0.028294 -0.011490 0.000000 0.026520 0.990786 -0.132813 8.141900 0.015142 0.132446 0.991075 -0.000000 0.000000 0.000000 0.000000 1.000000
0.999414 -0.031134 -0.014219 -0.000000 0.028957 0.990599 -0.133699 8.141900 0.018248 0.133209 0.990920 0.000000 0.000000 0.000000 0.000000 1.000000
0.999312 -0.033988 -0.014856 0.000000 0.031678 0.990358 -0.134859 8.141900 0.019297 0.134296 0.990753 0.000000 0.000000 0.000000 0.000000 1.000000
0.999254 -0.036213 -0.013451 0.000000 0.034050 0.990111 -0.136090 8.141900 0.018246 0.135530 0.990605 0.000000 0.000000 0.000000 0.000000 1.000000
0.999245 -0.037391 -0.010553 0.000000 0.035592 0.989902 -0.137212 8.141900 0.015577 0.136732 0.990486 0.000000 0.000000 0.000000 0.000000 1.000000
0.999276 -0.037421 -0.006926 0.000000 0.036107 0.989761 -0.138095 8.141900 0.012023 0.137745 0.990395 -0.000000 0.000000 0.000000 0.000000 1.000000
0.999329 -0.036486 -0.003200 0.000000 0.035691 0.989697 -0.138659 8.141900 0.008226 0.138451 0.990335 -0.000000 0.000000 0.000000 0.000000 1.000000
0.999390 -0.034931 0.000321 0.000000 0.034637 0.989706 -0.138863 8.141900 0.004533 0.138789 0.990312 0.000000 0.000000 0.000000 0.000000 1.000000
0.999445 -0.033108 0.003648 0.000000 0.033294 0.989773 -0.138712 8.141900 0.000982 0.138756 0.990326 -0.000000 0.000000 0.000000 0.000000 1.000000
0.999487 -0.031270 0.006951 0.000000 0.031931 0.989882 -0.138251 8.141900 -0.002557 0.138402 0.990373 0.000000 0.000000 0.000000 0.000000 1.000000
0.999506 -0.029745 0.010124 0.000000 0.030855 0.990048 -0.137303 8.141900 -0.005940 0.137548 0.990477 0.000000 0.000000 0.000000 0.000000 1.000000</float_array>
        <technique_common>
          <accessor source="#mixamorig_Spine2-Matrix-animation-output-transform-array" count="42" stride="16">
            <param type="float4x4"/>
          </accessor>
        </technique_common>
      </source>
      <source id="mixamorig_Spine2-Interpolations">
        <Name_array id="mixamorig_Spine2-Interpolations-array" count="42">
 LINEAR LINEAR LINEAR LINEAR LINEAR LINEAR LINEAR LINEAR LINEAR LINEAR LINEAR
LINEAR LINEAR LINEAR LINEAR LINEAR LINEAR LINEAR LINEAR LINEAR LINEAR LINEAR LINEAR
LINEAR LINEAR LINEAR LINEAR LINEAR LINEAR LINEAR LINEAR LINEAR LINEAR LINEAR LINEAR
LINEAR LINEAR LINEAR LINEAR LINEAR LINEAR LINEAR</Name_array>
        <technique_common>
          <accessor source="#mixamorig_Spine2-Interpolations-array" count="42">
            <param type="name"/>
          </accessor>
        </technique_common>
      </source>
      <sampler id="mixamorig_Spine2-Matrix-animation-transform">
        <input semantic="INPUT" source="#mixamorig_Spine2-Matrix-animation-input"/>
        <input semantic="OUTPUT" source="#mixamorig_Spine2-Matrix-animation-output-transform"/>
        <input semantic="INTERPOLATION" source="#mixamorig_Spine2-Interpolations"/>
      </sampler>
      <channel source="#mixamorig_Spine2-Matrix-animation-transform" target="mixamorig_Spine2/matrix"/>
    </animation>
    <animation id="mixamorig_Neck-anim" name="mixamorig_Neck">
      <source id="mixamorig_Neck-Matrix-animation-input">
        <float_array id="mixamorig_Neck-Matrix-animation-input-array" count="42">

0.000000 0.033333 0.066667 0.100000 0.133333 0.166667 0.200000 0.233333 0.266667 0.300000 0.333333 0.366667 0.400000 0.433333 0.466667 0.500000
0.533333 0.566667 0.600000 0.633333 0.666667 0.700000 0.733333 0.766667 0.800000 0.833333 0.866667 0.900000 0.933333 0.966667 1.000000 1.033333
1.066667 1.100000 1.133333 1.166667 1.200000 1.233333 1.266667 1.300000 1.333333 1.366667</float_array>
        <technique_common>
          <accessor source="#mixamorig_Neck-Matrix-animation-input-array" count="42">
            <param name="TIME" type="float"/>
          </accessor>
        </technique_common>
      </source>
      <source id="mixamorig_Neck-Matrix-animation-output-transform">
        <float_array id="mixamorig_Neck-Matrix-animation-output-transform-array" count="672">

0.990407 0.122663 0.063624 -0.112200 -0.136518 0.939829 0.313183 18.919500 -0.021380 -0.318864 0.947559 -3.736100 0.000000 0.000000 0.000000 1.000000
0.991235 0.116861 0.061622 -0.112200 -0.130400 0.940288 0.314411 18.919500 -0.021201 -0.319691 0.947285 -3.736100 0.000000 0.000000 0.000000 1.000000
0.991609 0.114260 0.060462 -0.112200 -0.127554 0.940809 0.314020 18.919500 -0.021004 -0.319097 0.947489 -3.736100 0.000000 0.000000 0.000000 1.000000
0.991725 0.113335 0.060305 -0.112200 -0.126618 0.941038 0.313713 18.919500 -0.021195 -0.318753 0.947601 -3.736100 0.000000 0.000000 0.000000 1.000000
0.991700 0.113232 0.060905 -0.112200 -0.126739 0.940630 0.314884 18.919500 -0.021634 -0.319990 0.947174 -3.736100 0.000000 0.000000 0.000000 1.000000
0.991563 0.113979 0.061734 -0.112200 -0.127763 0.939770 0.317031 18.919500 -0.021881 -0.322244 0.946404 -3.736100 0.000000 0.000000 0.000000 1.000000
0.991233 0.116407 0.062496 -0.112200 -0.130334 0.939058 0.318091 18.919500 -0.021659 -0.323448 0.945998 -3.736100 0.000000 0.000000 0.000000 1.000000
0.990626 0.121054 0.063293 -0.112200 -0.134957 0.938998 0.316338 18.919500 -0.021138 -0.321914 0.946533 -3.736100 0.000000 0.000000 0.000000 1.000000
0.989813 0.127086 0.064184 -0.112200 -0.140866 0.939608 0.311919 18.919500 -0.020667 -0.317783 0.947938 -3.736100 0.000000 0.000000 0.000000 1.000000
0.989048 0.132580 0.064855 -0.112200 -0.146182 0.940565 0.306541 18.919500 -0.020359 -0.312664 0.949645 -3.736100 0.000000 0.000000 0.000000 1.000000
0.988535 0.136311 0.064944 -0.112200 -0.149650 0.941700 0.301342 18.919500 -0.020081 -0.307606 0.951302 -3.736100 0.000000 0.000000 0.000000 1.000000
0.988167 0.139135 0.064555 -0.112200 -0.152098 0.943211 0.295329 18.919500 -0.019798 -0.301653 0.953212 -3.736100 0.000000 0.000000 0.000000 1.000000
0.987620 0.143060 0.064345 -0.112200 -0.155615 0.945203 0.287013 18.919500 -0.019759 -0.293472 0.955763 -3.736100 0.000000 0.000000 0.000000 1.000000
0.986767 0.148593 0.064893 -0.112200 -0.160882 0.947101 0.277699 18.919500 -0.020196 -0.284464 0.958474 -3.736100 0.000000 0.000000 0.000000 1.000000
0.985943 0.153471 0.066059 -0.112200 -0.165760 0.948114 0.271299 18.919500 -0.020995 -0.278435 0.960225 -3.736100 0.000000 0.000000 0.000000 1.000000
0.985693 0.154568 0.067221 -0.112200 -0.167118 0.948135 0.270392 18.919500 -0.021941 -0.277757 0.960401 -3.736100 0.000000 0.000000 0.000000 1.000000
0.986183 0.151083 0.067952 -0.112200 -0.164060 0.947606 0.274093 18.919500 -0.022981 -0.281454 0.959299 -3.736100 0.000000 0.000000 0.000000 1.000000
0.987021 0.145378 0.068222 -0.112200 -0.158796 0.946865 0.279696 18.919500 -0.023935 -0.286899 0.957662 -3.736100 0.000000 0.000000 0.000000 1.000000
0.987717 0.140614 0.068139 -0.112200 -0.154343 0.945979 0.285136 18.919500 -0.024364 -0.292151 0.956062 -3.736100 0.000000 0.000000 0.000000 1.000000
0.988080 0.138156 0.067909 -0.112200 -0.152051 0.944813 0.290187 18.919500 -0.024070 -0.297054 0.954557 -3.736100 0.000000 0.000000 0.000000 1.000000
0.988193 0.137349 0.067902 -0.112200 -0.151416 0.943187 0.295756 18.919500 -0.023423 -0.302546 0.952847 -3.736100 0.000000 0.000000 0.000000 1.000000
0.988220 0.136892 0.068427 -0.112200 -0.151301 0.941138 0.302272 18.919500 -0.023020 -0.309064 0.950763 -3.736100 0.000000 0.000000 0.000000 1.000000
0.988297 0.135856 0.069364 -0.112200 -0.150782 0.938891 0.309432 18.919500 -0.023087 -0.316270 0.948388 -3.736100 0.000000 0.000000 0.000000 1.000000
0.988527 0.133794 0.070097 -0.112200 -0.149246 0.936593 0.317048 18.919500 -0.023233 -0.323872 0.945816 -3.736100 0.000000 0.000000 0.000000 1.000000
0.989012 0.130304 0.069828 -0.112200 -0.146047 0.934415 0.324868 18.919500 -0.022917 -0.331496 0.943178 -3.736100 0.000000 0.000000 0.000000 1.000000
0.989842 0.124845 0.068017 -0.112200 -0.140457 0.932797 0.331907 18.919500 -0.022009 -0.338089 0.940857 -3.736100 0.000000 0.000000 0.000000 1.000000
0.990977 0.117378 0.064707 -0.112200 -0.132412 0.932193 0.336872 18.919500 -0.020778 -0.342401 0.939324 -3.736100 0.000000 0.000000 0.000000 1.000000
0.992178 0.109058 0.060737 -0.112200 -0.123273 0.932616 0.339163 18.919500 -0.019656 -0.343997 0.938765 -3.736100 0.000000 0.000000 0.000000 1.000000
