<?xml version="1.0" encoding="utf-8"?>
<COLLADA xmlns="http://www.collada.org/2005/11/COLLADASchema" version="1.4.1">
  <asset>
    <contributor>
      <author>Mixamo</author>
      <authoring_tool>COLLADA Mixamo exporter</authoring_tool>
      <comments/>
    </contributor>
    <created>2024-02-27T12:21:36Z</created>
    <modified>2024-02-27T12:21:36Z</modified>
    <revision/>
    <title/>
    <unit meter="0.010000"/>
    <up_axis>Y_UP</up_axis>
  </asset>
  <library_animations>
    <animation id="mixamorig_Hips-anim" name="mixamorig_Hips">
      <source id="mixamorig_Hips-Matrix-animation-input">
        <float_array id="mixamorig_Hips-Matrix-animation-input-array" count="23">

0.000000 0.033333 0.066667 0.100000 0.133333 0.166667 0.200000 0.233333 0.266667 0.300000 0.333333 0.366667 0.400000 0.433333 0.466667 0.500000
0.533333 0.566667 0.600000 0.633333 0.666667 0.700000 0.733333</float_array>
        <technique_common>
          <accessor source="#mixamorig_Hips-Matrix-animation-input-array" count="23">
            <param name="TIME" type="float"/>
          </accessor>
        </technique_common>
      </source>
      <source id="mixamorig_Hips-Matrix-animation-output-transform">
        <float_array id="mixamorig_Hips-Matrix-animation-output-transform-array" count="368">

0.933149 -0.010315 -0.359342 -0.001749 -0.021616 0.996170 -0.084728 99.405212 0.358839 0.086831 0.929352 -0.005003 0.000000 0.000000 0.000000 1.000000
0.886233 -0.017732 -0.462901 2.688969 -0.021571 0.996604 -0.079473 99.470329 0.462738 0.080417 0.882840 1.527756 0.000000 0.000000 0.000000 1.000000
0.828726 -0.027959 -0.558956 5.361328 -0.021958 0.996358 -0.082393 99.354309 0.559224 0.080555 0.825093 3.113694 0.000000 0.000000 0.000000 1.000000
0.770602 -0.037753 -0.636197 7.928406 -0.019922 0.996329 -0.083255 99.416977 0.637005 0.076831 0.767021 4.587770 0.000000 0.000000 0.000000 1.000000
0.723024 -0.041708 -0.689563 10.112561 -0.017343 0.996765 -0.078473 99.564613 0.690606 0.068697 0.719962 5.968672 0.000000 0.000000 0.000000 1.000000
0.683376 -0.044438 -0.728713 11.829957 -0.014417 0.997130 -0.074327 99.515327 0.729924 0.061299 0.680774 7.211032 0.000000 0.000000 0.000000 1.000000
0.636958 -0.051534 -0.769174 13.109717 -0.006992 0.997336 -0.072611 99.287437 0.770867 0.051628 0.634901 8.294386 0.000000 0.000000 0.000000 1.000000
0.574088 -0.059336 -0.816641 14.104951 0.001217 0.997431 -0.071617 99.113914 0.818793 0.040120 0.572686 9.129373 0.000000 0.000000 0.000000 1.000000
0.500238 -0.070190 -0.863038 15.079113 0.012315 0.997185 -0.073962 99.123978 0.865800 0.026370 0.499694 9.761781 0.000000 0.000000 0.000000 1.000000
0.417694 -0.082250 -0.904857 16.032484 0.024917 0.996557 -0.079083 99.280746 0.908246 0.010486 0.418305 10.209849 0.000000 0.000000 0.000000 1.000000
0.330140 -0.088210 -0.939801 16.868399 0.034699 0.996085 -0.081304 99.594193 0.943294 -0.005769 0.331908 10.378977 0.000000 0.000000 0.000000 1.000000
0.236288 -0.093897 -0.967136 17.568085 0.039979 0.995417 -0.086875 100.067764 0.970860 -0.018137 0.238959 10.376980 0.000000 0.000000 0.000000 1.000000
0.141269 -0.098259 -0.985083 18.028049 0.038818 0.994847 -0.093666 100.693542 0.989210 -0.025007 0.144355 10.413016 0.000000 0.000000 0.000000 1.000000
0.046728 -0.095853 -0.994298 17.825951 0.033178 0.994985 -0.094360 100.780952 0.998357 -0.028579 0.049674 10.568462 0.000000 0.000000 0.000000 1.000000
-0.039081 -0.085830 -0.995543 16.914112 0.015175 0.996138 -0.086477 100.552399 0.999121 -0.018487 -0.037627 10.649074 0.000000 0.000000 0.000000 1.000000
-0.106293 -0.080769 -0.991049 15.419483 0.000097 0.996695 -0.081239 100.430756 0.994335 -0.008731 -0.105934 10.784026 0.000000 0.000000 0.000000 1.000000
-0.158310 -0.086569 -0.983587 13.566337 -0.009417 0.996236 -0.086167 100.340530 0.987344 -0.004379 -0.158530 10.943384 0.000000 0.000000 0.000000 1.000000
-0.201409 -0.095632 -0.974828 11.596670 -0.016491 0.995413 -0.094244 100.099068 0.979368 -0.002905 -0.202062 11.348390 0.000000 0.000000 0.000000 1.000000
-0.237693 -0.095284 -0.966655 9.508342 -0.019898 0.995446 -0.093229 99.917328 0.971136 -0.002925 -0.238507 12.077731 0.000000 0.000000 0.000000 1.000000
-0.271407 -0.091487 -0.958107 7.363867 -0.019898 0.995793 -0.089449 99.842300 0.962259 -0.005213 -0.272086 13.019055 0.000000 0.000000 0.000000 1.000000
-0.322794 -0.088106 -0.942360 4.852529 -0.018255 0.996052 -0.086873 99.489990 0.946293 -0.010839 -0.323128 14.301108 0.000000 0.000000 0.000000 1.000000
-0.401112 -0.085869 -0.911995 2.614518 -0.020492 0.996189 -0.084784 99.354736 0.915800 -0.015319 -0.401343 15.858639 0.000000 0.000000 0.000000 1.000000
-0.488706 -0.084461 -0.868351 0.447558 -0.021616 0.996170 -0.084728 99.405197 0.872181 -0.022637 -0.488660 17.413736 0.000000 0.000000 0.000000 1.000000</float_array>
        <technique_common>
          <accessor source="#mixamorig_Hips-Matrix-animation-output-transform-array" count="23" stride="16">
            <param type="float4x4"/>
          </accessor>
        </technique_common>
      </source>
      <source id="mixamorig_Hips-Interpolations">
        <Name_array id="mixamorig_Hips-Interpolations-array" count="23">
 LINEAR LINEAR LINEAR LINEAR LINEAR LINEAR LINEAR LINEAR LINEAR LINEAR LINEAR
LINEAR LINEAR LINEAR LINEAR LINEAR LINEAR LINEAR LINEAR LINEAR LINEAR LINEAR LINEAR</Name_array>
        <technique_common>
          <accessor source="#mixamorig_Hips-Interpolations-array" count="23">
            <param type="name"/>
          </accessor>
        </technique_common>
      </source>
      <sampler id="mixamorig_Hips-Matrix-animation-transform">
        <input semantic="INPUT" source="#mixamorig_Hips-Matrix-animation-input"/>
        <input semantic="OUTPUT" source="#mixamorig_Hips-Matrix-animation-output-transform"/>
        <input semantic="INTERPOLATION" source="#mixamorig_Hips-Interpolations"/>
      </sampler>
      <channel source="#mixamorig_Hips-Matrix-animation-transform" target="mixamorig_Hips/matrix"/>
    </animation>
    <animation id="mixamorig_Spine-anim" name="mixamorig_Spine">
      <source id="mixamorig_Spine-Matrix-animation-input">
        <float_array id="mixamorig_Spine-Matrix-animation-input-array" count="23">

0.000000 0.033333 0.066667 0.100000 0.133333 0.166667 0.200000 0.233333 0.266667 0.300000 0.333333 0.366667 0.400000 0.433333 0.466667 0.500000
0.533333 0.566667 0.600000 0.633333 0.666667 0.700000 0.733333</float_array>
        <technique_common>
          <accessor source="#mixamorig_Spine-Matrix-animation-input-array" count="23">
            <param name="TIME" type="float"/>
          </accessor>
        </technique_common>
      </source>
      <source id="mixamorig_Spine-Matrix-animation-output-transform">
        <float_array id="mixamorig_Spine-Matrix-animation-output-transform-array" count="368">

0.997010 0.000050 0.077278 0.004700 0.025706 0.942840 -0.332254 5.245300 -0.072878 0.333247 0.940019 0.258800 0.000000 0.000000 0.000000 1.000000
0.995082 -0.025240 0.095787 0.004700 0.054553 0.946773 -0.317246 5.245300 -0.082681 0.320911 0.943493 0.258800 0.000000 0.000000 0.000000 1.000000
0.991876 -0.051663 0.116243 0.004700 0.083355 0.954256 -0.287137 5.245300 -0.096091 0.294494 0.950810 0.258800 0.000000 0.000000 0.000000 1.000000
0.991388 -0.067559 0.112184 0.004700 0.095907 0.957877 -0.270692 5.245300 -0.089170 0.279121 0.956107 0.258800 0.000000 0.000000 0.000000 1.000000
0.992808 -0.076897 0.091760 0.004700 0.098366 0.960830 -0.259093 5.245300 -0.068242 0.266256 0.961484 0.258800 0.000000 0.000000 0.000000 1.000000
0.994762 -0.081017 0.062327 0.004700 0.093746 0.966147 -0.240357 5.245300 -0.040744 0.244941 0.968681 0.258800 0.000000 0.000000 0.000000 1.000000
0.997049 -0.068311 0.035022 0.004700 0.074259 0.973894 -0.214512 5.245300 -0.019454 0.216480 0.976093 0.258800 0.000000 0.000000 0.000000 1.000000
0.998688 -0.046033 0.022447 0.004700 0.049513 0.979869 -0.193403 5.245300 -0.013092 0.194260 0.980863 0.258800 0.000000 0.000000 0.000000 1.000000
0.999582 -0.021318 0.019517 0.004700 0.024486 0.983370 -0.179955 5.245300 -0.015356 0.180357 0.983481 0.258800 0.000000 0.000000 0.000000 1.000000
0.999866 0.004716 0.015683 0.004700 -0.001850 0.984037 -0.177955 5.245300 -0.016272 0.177902 0.983914 0.258800 0.000000 0.000000 0.000000 1.000000
0.999349 0.033698 0.012877 0.004700 -0.030647 0.981361 -0.189714 5.245300 -0.019030 0.189196 0.981755 0.258800 0.000000 0.000000 0.000000 1.000000
0.998056 0.060710 0.014063 0.004700 -0.056544 0.977093 -0.205165 5.245300 -0.026197 0.203971 0.978626 0.258800 0.000000 0.000000 0.000000 1.000000
0.996656 0.079033 0.020762 0.004700 -0.072414 0.971955 -0.223740 5.245300 -0.037862 0.221488 0.974428 0.258800 0.000000 0.000000 0.000000 1.000000
0.995584 0.087781 0.033278 0.004700 -0.077466 0.968424 -0.236968 5.245300 -0.053028 0.233344 0.970947 0.258800 0.000000 0.000000 0.000000 1.000000
0.995256 0.085715 0.046032 0.004700 -0.071677 0.965892 -0.248827 5.245300 -0.065790 0.244347 0.967454 0.258800 0.000000 0.000000 0.000000 1.000000
0.995428 0.082117 0.048786 0.004700 -0.066750 0.963400 -0.259625 5.245300 -0.068320 0.255182 0.964476 0.258800 0.000000 0.000000 0.000000 1.000000
0.995849 0.081144 0.041239 0.004700 -0.067603 0.962738 -0.261851 5.245300 -0.060950 0.257976 0.964227 0.258800 0.000000 0.000000 0.000000 1.000000
0.997025 0.070536 0.031093 0.004700 -0.059939 0.963024 -0.262664 5.245300 -0.048470 0.260019 0.964386 0.258800 0.000000 0.000000 0.000000 1.000000
0.998438 0.053491 0.016163 0.004700 -0.047016 0.960479 -0.274352 5.245300 -0.030200 0.273164 0.961493 0.258800 0.000000 0.000000 0.000000 1.000000
0.999429 0.033776 0.000031 0.004700 -0.032309 0.956271 -0.290691 5.245300 -0.009848 0.290525 0.956817 0.258800 0.000000 0.000000 0.000000 1.000000
0.999881 0.015301 0.002072 0.004700 -0.013968 0.953512 -0.301030 5.245300 -0.006582 0.300965 0.953613 0.258800 0.000000 0.000000 0.000000 1.000000
0.999421 0.002779 0.033904 0.004700 0.008107 0.948483 -0.316724 5.245300 -0.033037 0.316816 0.947912 0.258800 0.000000 0.000000 0.000000 1.000000
0.997010 0.000050 0.077278 0.004700 0.025706 0.942839 -0.332254 5.245300 -0.072878 0.333247 0.940019 0.258800 0.000000 0.000000 0.000000 1.000000</float_array>
        <technique_common>
          <accessor source="#mixamorig_Spine-Matrix-animation-output-transform-array" count="23" stride="16">
            <param type="float4x4"/>
          </accessor>
        </technique_common>
      </source>
      <source id="mixamorig_Spine-Interpolations">
        <Name_array id="mixamorig_Spine-Interpolations-array" count="23">
 LINEAR LINEAR LINEAR LINEAR LINEAR LINEAR LINEAR LINEAR LINEAR LINEAR LINEAR
LINEAR LINEAR LINEAR LINEAR LINEAR LINEAR LINEAR LINEAR LINEAR LINEAR LINEAR LINEAR</Name_array>
        <technique_common>
          <accessor source="#mixamorig_Spine-Interpolations-array" count="23">
            <param type="name"/>
          </accessor>
        </technique_common>
      </source>
      <sampler id="mixamorig_Spine-Matrix-animation-transform">
        <input semantic="INPUT" source="#mixamorig_Spine-Matrix-animation-input"/>
        <input semantic="OUTPUT" source="#mixamorig_Spine-Matrix-animation-output-transform"/>
        <input semantic="INTERPOLATION" source="#mixamorig_Spine-Interpolations"/>
      </sampler>
      <channel source="#mixamorig_Spine-Matrix-animation-transform" target="mixamorig_Spine/matrix"/>
    </animation>
    <animation id="mixamorig_Spine1-anim" name="mixamorig_Spine1">
      <source id="mixamorig_Spine1-Matrix-animation-input">
        <float_array id="mixamorig_Spine1-Matrix-animation-input-array" count="23">

0.000000 0.033333 0.066667 0.100000 0.133333 0.166667 0.200000 0.233333 0.266667 0.300000 0.333333 0.366667 0.400000 0.433333 0.466667 0.500000
0.533333 0.566667 0.600000 0.633333 0.666667 0.700000 0.733333</float_array>
        <technique_common>
          <accessor source="#mixamorig_Spine1-Matrix-animation-input-array" count="23">
            <param name="TIME" type="float"/>
          </accessor>
        </technique_common>
      </source>
      <source id="mixamorig_Spine1-Matrix-animation-output-transform">
        <float_array id="mixamorig_Spine1-Matrix-animation-output-transform-array" count="368">

0.999658 0.011649 0.023412 -0.000000 -0.011802 0.999910 0.006384 11.066900 -0.023335 -0.006658 0.999706 -0.000000 0.000000 0.000000 0.000000 1.000000
0.999614 0.010940 0.025548 0.000000 -0.010836 0.999932 -0.004225 11.066900 -0.025593 0.003947 0.999665 0.000000 0.000000 0.000000 0.000000 1.000000
0.999571 0.008601 0.027999 0.000000 -0.008105 0.999809 -0.017758 11.066900 -0.028147 0.017523 0.999450 0.000000 0.000000 0.000000 0.000000 1.000000
0.999649 0.003666 0.026245 0.000000 -0.002798 0.999451 -0.033024 11.066900 -0.026352 0.032939 0.999110 0.000000 0.000000 0.000000 0.000000 1.000000
0.999759 -0.004067 0.021564 0.000000 0.005120 0.998786 -0.048987 11.066900 -0.021339 0.049086 0.998567 -0.000000 0.000000 0.000000 0.000000 1.000000
0.999810 -0.011903 0.015463 0.000000 0.012916 0.997660 -0.067138 11.066900 -0.014627 0.067325 0.997624 0.000000 0.000000 0.000000 0.000000 1.000000
0.999744 -0.019875 0.010779 0.000000 0.020733 0.996043 -0.086415 11.066900 -0.009019 0.086616 0.996201 0.000000 0.000000 0.000000 0.000000 1.000000
0.999580 -0.027451 0.009292 0.000000 0.028265 0.994246 -0.103327 11.066900 -0.006402 0.103547 0.994604 -0.000000 0.000000 0.000000 0.000000 1.000000
0.999399 -0.032993 0.010590 0.000000 0.034006 0.992571 -0.116822 11.066900 -0.006657 0.117112 0.993096 0.000000 0.000000 0.000000 0.000000 1.000000
0.999283 -0.036089 0.011463 0.000000 0.037257 0.991145 -0.127453 11.066900 -0.006762 0.127789 0.991778 0.000000 0.000000 0.000000 0.000000 1.000000
0.999180 -0.038372 0.012925 0.000000 0.039758 0.990221 -0.133725 11.066900 -0.007667 0.134129 0.990934 0.000000 0.000000 0.000000 0.000000 1.000000
0.999182 -0.037462 0.015199 0.000000 0.039175 0.990048 -0.135170 11.066900 -0.009984 0.135655 0.990706 -0.000000 0.000000 0.000000 0.000000 1.000000
0.999233 -0.034629 0.018263 -0.000000 0.036736 0.990620 -0.131615 11.066900 -0.013534 0.132185 0.991133 0.000000 0.000000 0.000000 0.000000 1.000000
0.999311 -0.030064 0.021781 0.000000 0.032523 0.991862 -0.123091 11.066900 -0.017903 0.123715 0.992156 0.000000 0.000000 0.000000 0.000000 1.000000
0.999277 -0.028919 0.024694 0.000000 0.031449 0.993534 -0.109093 11.066900 -0.021379 0.109791 0.993725 0.000000 0.000000 0.000000 0.000000 1.000000
0.999271 -0.028558 0.025332 0.000000 0.030690 0.995631 -0.088187 11.066900 -0.022703 0.088901 0.995782 0.000000 0.000000 0.000000 0.000000 1.000000
0.999371 -0.026202 0.023903 -0.000000 0.027706 0.997505 -0.064928 11.066900 -0.022142 0.065549 0.997604 0.000000 0.000000 0.000000 0.000000 1.000000
0.999587 -0.016983 0.023178 0.000000 0.018064 0.998720 -0.047246 11.066900 -0.022346 0.047646 0.998614 0.000000 0.000000 0.000000 0.000000 1.000000
0.999707 -0.007792 0.022932 0.000000 0.008541 0.999428 -0.032736 11.066900 -0.022664 0.032923 0.999201 0.000000 0.000000 0.000000 0.000000 1.000000
0.999735 0.001391 0.022985 0.000000 -0.000908 0.999778 -0.021054 11.066900 -0.023009 0.021028 0.999514 0.000000 0.000000 0.000000 0.000000 1.000000
0.999712 0.006734 0.023045 0.000000 -0.006572 0.999953 -0.007107 11.066900 -0.023092 0.006954 0.999709 0.000000 0.000000 0.000000 0.000000 1.000000
0.999684 0.009705 0.023180 0.000000 -0.009729 0.999952 0.000944 11.066900 -0.023170 -0.001169 0.999731 0.000000 0.000000 0.000000 0.000000 1.000000
0.999658 0.011649 0.023412 0.000000 -0.011802 0.999910 0.006385 11.066900 -0.023335 -0.006659 0.999706 0.000000 0.000000 0.000000 0.000000 1.000000</float_array>
        <technique_common>
          <accessor source="#mixamorig_Spine1-Matrix-animation-output-transform-array" count="23" stride="16">
            <param type="float4x4"/>
          </accessor>
        </technique_common>
      </source>
      <source id="mixamorig_Spine1-Interpolations">
        <Name_array id="mixamorig_Spine1-Interpolations-array" count="23">
 LINEAR LINEAR LINEAR LINEAR LINEAR LINEAR LINEAR LINEAR LINEAR LINEAR LINEAR
LINEAR LINEAR LINEAR LINEAR LINEAR LINEAR LINEAR LINEAR LINEAR LINEAR LINEAR LINEAR</Name_array>
        <technique_common>
          <accessor source="#mixamorig_Spine1-Interpolations-array" count="23">
            <param type="name"/>
          </accessor>
        </technique_common>
      </source>
      <sampler id="mixamorig_Spine1-Matrix-animation-transform">
        <input semantic="INPUT" source="#mixamorig_Spine1-Matrix-animation-input"/>
        <input semantic="OUTPUT" source="#mixamorig_Spine1-Matrix-animation-output-transform"/>
        <input semantic="INTERPOLATION" source="#mixamorig_Spine1-Interpolations"/>
      </sampler>
      <channel source="#mixamorig_Spine1-Matrix-animation-transform" target="mixamorig_Spine1/matrix"/>
    </animation>
    <animation id="mixamorig_Spine2-anim" name="mixamorig_Spine2">
      <source id="mixamorig_Spine2-Matrix-animation-input">
        <float_array id="mixamorig_Spine2-Matrix-animation-input-array" count="23">

0.000000 0.033333 0.066667 0.100000 0.133333 0.166667 0.200000 0.233333 0.266667 0.300000 0.333333 0.366667 0.400000 0.433333 0.466667 0.500000
0.533333 0.566667 0.600000 0.633333 0.666667 0.700000 0.733333</float_array>
        <technique_common>
          <accessor source="#mixamorig_Spine2-Matrix-animation-input-array" count="23">
            <param name="TIME" type="float"/>
          </accessor>
        </technique_common>
      </source>
      <source id="mixamorig_Spine2-Matrix-animation-output-transform">
        <float_array id="mixamorig_Spine2-Matrix-animation-output-transform-array" count="368">

0.999628 0.014760 0.022928 0.000000 -0.009955 0.980335 -0.197089 8.141900 -0.025387 0.196787 0.980117 -0.000000 0.000000 0.000000 0.000000 1.000000
0.999566 0.014442 0.025687 0.000000 -0.008802 0.978201 -0.207473 8.141900 -0.028124 0.207157 0.977903 0.000000 0.000000 0.000000 0.000000 1.000000
0.999497 0.012542 0.029119 0.000000 -0.005809 0.975324 -0.220702 8.141900 -0.031168 0.220422 0.974906 0.000000 0.000000 0.000000 0.000000 1.000000
0.999559 0.007179 0.028804 0.000000 -0.000195 0.971883 -0.235465 8.141900 -0.029685 0.235356 0.971456 0.000000 0.000000 0.000000 0.000000 1.000000
0.999659 -0.001590 0.026060 0.000000 0.008076 0.968025 -0.250725 8.141900 -0.024828 0.250850 0.967708 0.000000 0.000000 0.000000 0.000000 1.000000
0.999701 -0.010784 0.021961 -0.000000 0.016278 0.963287 -0.267982 8.141900 -0.018265 0.268259 0.963174 0.000000 0.000000 0.000000 0.000000 1.000000
0.999619 -0.019823 0.019231 0.000000 0.024501 0.957838 -0.286263 8.141900 -0.012745 0.286625 0.957958 0.000000 0.000000 0.000000 0.000000 1.000000
0.999422 -0.027869 0.019466 0.000000 0.032452 0.952674 -0.302256 8.141900 -0.010122 0.302713 0.953028 0.000000 0.000000 0.000000 0.000000 1.000000
0.999206 -0.033153 0.022093 0.000000 0.038430 0.948308 -0.315016 8.141900 -0.010507 0.315615 0.948829 -0.000000 0.000000 0.000000 0.000000 1.000000
0.999066 -0.036174 0.023622 0.000000 0.041893 0.944768 -0.325050 8.141900 -0.010559 0.325736 0.945402 0.000000 0.000000 0.000000 0.000000 1.000000
0.998947 -0.038284 0.025296 0.000000 0.044505 0.942596 -0.330956 8.141900 -0.011174 0.331733 0.943307 0.000000 0.000000 0.000000 0.000000 1.000000
0.998948 -0.037051 0.027005 0.000000 0.043928 0.942132 -0.332352 8.141900 -0.013129 0.333189 0.942769 -0.000000 0.000000 0.000000 0.000000 1.000000
0.999009 -0.033701 0.029070 -0.000000 0.041400 0.943402 -0.329056 8.141900 -0.016335 0.329934 0.943863 0.000000 0.000000 0.000000 0.000000 1.000000
0.999102 -0.028388 0.031438 0.000000 0.036991 0.946335 -0.321063 8.141900 -0.020637 0.321938 0.946536 0.000000 0.000000 0.000000 0.000000 1.000000
0.999075 -0.026456 0.033891 -0.000000 0.035618 0.950789 -0.307784 8.141900 -0.024081 0.308706 0.950853 0.000000 0.000000 0.000000 0.000000 1.000000
0.999079 -0.025617 0.034408 -0.000000 0.034451 0.957074 -0.287787 8.141900 -0.025559 0.288708 0.957076 0.000000 0.000000 0.000000 0.000000 1.000000
0.999202 -0.023222 0.032491 -0.000000 0.031027 0.963626 -0.265446 8.141900 -0.025145 0.266242 0.963578 -0.000000 0.000000 0.000000 0.000000 1.000000
0.999461 -0.014086 0.029646 0.000000 0.021023 0.968373 -0.248619 8.141900 -0.025206 0.249108 0.968148 -0.000000 0.000000 0.000000 0.000000 1.000000
0.999615 -0.004920 0.027315 0.000000 0.011200 0.971981 -0.234794 8.141900 -0.025395 0.235009 0.971661 0.000000 0.000000 0.000000 0.000000 1.000000
0.999672 0.004251 0.025274 0.000000 0.001510 0.974665 -0.223666 8.141900 -0.025585 0.223631 0.974338 0.000000 0.000000 0.000000 0.000000 1.000000
0.999663 0.009741 0.024056 0.000000 -0.004468 0.977651 -0.210189 8.141900 -0.025566 0.210010 0.977365 0.000000 0.000000 0.000000 0.000000 1.000000
0.999646 0.012777 0.023344 0.000000 -0.007791 0.979276 -0.202380 8.141900 -0.025446 0.202127 0.979029 -0.000000 0.000000 0.000000 0.000000 1.000000
0.999628 0.014760 0.022928 0.000000 -0.009955 0.980335 -0.197089 8.141900 -0.025386 0.196787 0.980118 0.000000 0.000000 0.000000 0.000000 1.000000</float_array>
        <technique_common>
          <accessor source="#mixamorig_Spine2-Matrix-animation-output-transform-array" count="23" stride="16">
            <param type="float4x4"/>
          </accessor>
        </technique_common>
      </source>
      <source id="mixamorig_Spine2-Interpolations">
        <Name_array id="mixamorig_Spine2-Interpolations-array" count="23">
 LINEAR LINEAR LINEAR LINEAR LINEAR LINEAR LINEAR LINEAR LINEAR LINEAR LINEAR
LINEAR LINEAR LINEAR LINEAR LINEAR LINEAR LINEAR LINEAR LINEAR LINEAR LINEAR LINEAR</Name_array>
        <technique_common>
          <accessor source="#mixamorig_Spine2-Interpolations-array" count="23">
            <param type="name"/>
          </accessor>
        </technique_common>
      </source>
      <sampler id="mixamorig_Spine2-Matrix-animation-transform">
        <input semantic="INPUT" source="#mixamorig_Spine2-Matrix-animation-input"/>
        <input semantic="OUTPUT" source="#mixamorig_Spine2-Matrix-animation-output-transform"/>
        <input semantic="INTERPOLATION" source="#mixamorig_Spine2-Interpolations"/>
      </sampler>
      <channel source="#mixamorig_Spine2-Matrix-animation-transform" target="mixamorig_Spine2/matrix"/>
    </animation>
    <animation id="mixamorig_Neck-anim" name="mixamorig_Neck">
      <source id="mixamorig_Neck-Matrix-animation-input">
        <float_array id="mixamorig_Neck-Matrix-animation-input-array" count="23">

0.000000 0.033333 0.066667 0.100000 0.133333 0.166667 0.200000 0.233333 0.266667 0.300000 0.333333 0.366667 0.400000 0.433333 0.466667 0.500000
0.533333 0.566667 0.600000 0.633333 0.666667 0.700000 0.733333</float_array>
        <technique_common>
          <accessor source="#mixamorig_Neck-Matrix-animation-input-array" count="23">
            <param name="TIME" type="float"/>
          </accessor>
        </technique_common>
      </source>
      <source id="mixamorig_Neck-Matrix-animation-output-transform">
        <float_array id="mixamorig_Neck-Matrix-animation-output-transform-array" count="368">

0.999013 -0.039858 0.019593 -0.112200 0.034587 0.974937 0.219776 18.919500 -0.027862 -0.218881 0.975354 -3.736100 0.000000 0.000000 0.000000 1.000000
0.999779 0.006859 0.019897 -0.112200 -0.011827 0.965104 0.261601 18.919500 -0.017408 -0.261778 0.964971 -3.736100 0.000000 0.000000 0.000000 1.000000
0.998682 0.049289 0.014292 -0.112200 -0.051302 0.951533 0.303239 18.919500 0.001347 -0.303573 0.952807 -3.736100 0.000000 0.000000 0.000000 1.000000
0.995716 0.092011 0.009167 -0.112200 -0.088932 0.925791 0.367425 18.919500 0.025320 -0.366666 0.930008 -3.736100 0.000000 0.000000 0.000000 1.000000
0.991649 0.128928 -0.003025 -0.112200 -0.114822 0.893344 0.434457 18.919500 0.058717 -0.430482 0.900687 -3.736100 0.000000 0.000000 0.000000 1.000000
0.988574 0.149327 -0.020584 -0.112200 -0.119653 0.860406 0.495363 18.919500 0.091682 -0.487240 0.868442 -3.736100 0.000000 0.000000 0.000000 1.000000
0.986148 0.160516 -0.041803 -0.112200 -0.110650 0.824367 0.555136 18.919500 0.123569 -0.542820 0.830709 -3.736100 0.000000 0.000000 0.000000 1.000000
0.983712 0.168710 -0.062036 -0.112200 -0.096232 0.785774 0.610982 18.919500 0.151826 -0.595060 0.789210 -3.736100 0.000000 0.000000 0.000000 1.000000
0.983388 0.164811 -0.076064 -0.112200 -0.075796 0.753604 0.652944 18.919500 0.164935 -0.636332 0.753577 -3.736100 0.000000 0.000000 0.000000 1.000000
0.984263 0.154724 -0.085358 -0.112200 -0.053174 0.719990 0.691945 18.919500 0.168518 -0.676517 0.716887 -3.736100 0.000000 0.000000 0.000000 1.000000
0.986616 0.135491 -0.090727 -0.112200 -0.029302 0.694651 0.718750 18.919500 0.160408 -0.706471 0.689324 -3.736100 0.000000 0.000000 0.000000 1.000000
0.989631 0.107273 -0.095519 -0.112200 -0.003200 0.681308 0.731990 18.919500 0.143600 -0.724094 0.674586 -3.736100 0.000000 0.000000 0.000000 1.000000
0.992025 0.078837 -0.098340 -0.112200 0.018009 0.683563 0.729669 18.919500 0.124746 -0.725621 0.676692 -3.736100 0.000000 0.000000 0.000000 1.000000
0.993512 0.051425 -0.101435 -0.112200 0.032971 0.723374 0.689668 18.919500 0.108842 -0.688538 0.716986 -3.736100 0.000000 0.000000 0.000000 1.000000
0.994528 0.029089 -0.100344 -0.112200 0.038148 0.793027 0.607991 18.919500 0.097261 -0.608491 0.787578 -3.736100 0.000000 0.000000 0.000000 1.000000
0.995427 0.013624 -0.094544 -0.112200 0.035342 0.867004 0.497045 18.919500 0.088742 -0.498114 0.862559 -3.736100 0.000000 0.000000 0.000000 1.000000
0.996490 -0.002235 -0.083683 -0.112200 0.034283 0.922865 0.383593 18.919500 0.076371 -0.385116 0.919703 -3.736100 0.000000 0.000000 0.000000 1.000000
0.996909 -0.029220 -0.072930 -0.112200 0.051246 0.945452 0.321706 18.919500 0.059552 -0.324449 0.944027 -3.736100 0.000000 0.000000 0.000000 1.000000
0.997003 -0.050025 -0.059010 -0.112200 0.064669 0.957571 0.280849 18.919500 0.042456 -0.283824 0.957936 -3.736100 0.000000 0.000000 0.000000 1.000000
0.996697 -0.068064 -0.044291 -0.112200 0.077150 0.963889 0.254883 18.919500 0.025343 -0.257458 0.965957 -3.736100 0.000000 0.000000 0.000000 1.000000
0.997460 -0.067181 -0.023653 -0.112200 0.070806 0.971252 0.227278 18.919500 0.007704 -0.228375 0.973543 -3.736100 0.000000 0.000000 0.000000 1.000000
0.998481 -0.055072 -0.001615 -0.112200 0.054043 0.973287 0.223142 18.919500 -0.010717 -0.222890 0.974785 -3.736100 0.000000 0.000000 0.000000 1.000000
0.999013 -0.039858 0.019593 -0.112200 0.034587 0.974937 0.219775 18.919500 -0.027862 -0.218881 0.975354 -3.736100 0.000000 0.000000 0.000000 1.000000</float_array>
        <technique_common>
          <accessor source="#mixamorig_Neck-Matrix-animation-output-transform-array" count="23" stride="16">
            <param type="float4x4"/>
          </accessor>
        </technique_common>
      </source>
      <source id="mixamorig_Neck-Interpolations">
        <Name_array id="mixamorig_Neck-Interpolations-array" count="23">
 LINEAR LINEAR LINEAR LINEAR LINEAR LINEAR LINEAR LINEAR LINEAR LINEAR LINEAR
LINEAR LINEAR LINEAR LINEAR LINEAR LINEAR LINEAR LINEAR LINEAR LINEAR LINEAR LINEAR</Name_array>
        <technique_common>
          <accessor source="#mixamorig_Neck-Interpolations-array" count="23">
            <param type="name"/>
          </accessor>
        </technique_common>
      </source>
      <sampler id="mixamorig_Neck-Matrix-animation-transform">
        <input semantic="INPUT" source="#mixamorig_Neck-Matrix-animation-input"/>
        <input semantic="OUTPUT" source="#mixamorig_Neck-Matrix-animation-output-transform"/>
        <input semantic="INTERPOLATION" source="#mixamorig_Neck-Interpolations"/>
      </sampler>
      <channel source="#mixamorig_Neck-Matrix-animation-transform" target="mixamorig_Neck/matrix"/>
    </animation>
    <animation id="mixamorig_Head-anim" name="mixamorig_Head">
      <source id="mixamorig_Head-Matrix-animation-input">
        <float_array id="mixamorig_Head-Matrix-animation-input-array" count="23">

0.000000 0.033333 0.066667 0.100000 0.133333 0.166667 0.200000 0.233333 0.266667 0.300000 0.333333 0.366667 0.400000 0.433333 0.466667 0.500000
0.533333 0.566667 0.600000 0.633333 0.666667 0.700000 0.733333</float_array>
        <technique_common>
          <accessor source="#mixamorig_Head-Matrix-animation-input-array" count="23">
            <param name="TIME" type="float"/>
          </accessor>
        </technique_common>
      </source>
      <source id="mixamorig_Head-Matrix-animation-output-transform">
        <float_array id="mixamorig_Head-Matrix-animation-output-transform-array" count="368">

0.989033 0.057017 0.136242 -0.000000 -0.088931 0.966406 0.241145 8.673000 -0.117916 -0.250617 0.960878 3.319300 0.000000 0.000000 0.000000 1.000000
0.995020 0.028747 0.095441 0.000000 -0.046017 0.981845 0.184019 8.673000 -0.088419 -0.187495 0.978278 3.319300 0.000000 0.000000 0.000000 1.000000
0.998951 0.001022 0.045774 0.000000 -0.006366 0.993140 0.116756 8.673000 -0.045341 -0.116925 0.992105 3.319300 0.000000 0.000000 0.000000 1.000000
0.999118 -0.041863 -0.003179 0.000000 0.041946 0.998557 0.033528 8.673000 0.001771 -0.033632 0.999433 3.319300 0.000000 0.000000 0.000000 1.000000
0.994436 -0.087156 -0.059164 0.000000 0.083042 0.994171 -0.068762 8.673000 0.064812 0.063466 0.995877 3.319300 0.000000 0.000000 0.000000 1.000000
0.987050 -0.124384 -0.101292 0.000000 0.106431 0.980261 -0.166614 8.673000 0.120017 0.153676 0.980806 3.319300 0.000000 0.000000 0.000000 1.000000
0.977998 -0.158342 -0.135822 0.000000 0.118384 0.957333 -0.263626 8.673000 0.171770 0.241747 0.955015 3.319300 0.000000 0.000000 0.000000 1.000000
0.970468 -0.185121 -0.154668 0.000000 0.122151 0.930000 -0.346668 8.673000 0.208017 0.317537 0.925148 3.319300 0.000000 0.000000 0.000000 1.000000
0.965391 -0.195607 -0.172505 0.000000 0.112505 0.909060 -0.401190 8.673000 0.235292 0.367898 0.899605 3.319300 0.000000 0.000000 0.000000 1.000000
0.965666 -0.192111 -0.174880 0.000000 0.099257 0.894931 -0.435026 8.673000 0.240079 0.402732 0.883272 3.319300 0.000000 0.000000 0.000000 1.000000
0.970046 -0.175524 -0.167937 0.000000 0.083799 0.890667 -0.446866 8.673000 0.228012 0.419408 0.878697 3.319300 0.000000 0.000000 0.000000 1.000000
0.976876 -0.152087 -0.150279 -0.000000 0.070596 0.892883 -0.444720 8.673000 0.201818 0.423827 0.882973 3.319300 0.000000 0.000000 0.000000 1.000000
0.983436 -0.124200 -0.132015 0.000000 0.057261 0.903920 -0.423851 8.673000 0.171973 0.409271 0.896059 3.319300 0.000000 0.000000 0.000000 1.000000
0.989509 -0.095836 -0.108107 0.000000 0.050058 0.929385 -0.365702 8.673000 0.135521 0.356454 0.924432 3.319300 0.000000 0.000000 0.000000 1.000000
0.994635 -0.070771 -0.075451 0.000000 0.047945 0.961673 -0.269976 8.673000 0.091666 0.264910 0.959906 3.319300 0.000000 0.000000 0.000000 1.000000
0.997655 -0.055147 -0.040531 0.000000 0.048270 0.986811 -0.154511 8.673000 0.048517 0.152192 0.987159 3.319300 0.000000 0.000000 0.000000 1.000000
0.998982 -0.044908 -0.004161 -0.000000 0.044705 0.998191 -0.040201 8.673000 0.005958 0.039974 0.999183 3.319300 0.000000 0.000000 0.000000 1.000000
0.999295 -0.025316 0.027734 -0.000000 0.024442 0.999207 0.031421 8.673000 -0.028507 -0.030721 0.999121 3.319300 0.000000 0.000000 0.000000 1.000000
0.998376 -0.004540 0.056782 0.000000 -0.000537 0.996024 0.089085 8.673000 -0.056960 -0.088970 0.994404 3.319300 0.000000 0.000000 0.000000 1.000000
0.996270 0.017342 0.084531 -0.000000 -0.028910 0.990063 0.137618 8.673000 -0.081304 -0.139549 0.986872 3.319300 0.000000 0.000000 0.000000 1.000000
0.993860 0.034271 0.105206 0.000000 -0.052645 0.982767 0.177192 8.673000 -0.097321 -0.181642 0.978537 3.319300 0.000000 0.000000 0.000000 1.000000
0.991421 0.047481 0.121775 0.000000 -0.072274 0.975437 0.208086 8.673000 -0.108904 -0.215102 0.970500 3.319300 0.000000 0.000000 0.000000 1.000000
0.989033 0.057017 0.136243 0.000000 -0.088931 0.966406 0.241146 8.673000 -0.117916 -0.250617 0.960878 3.319300 0.000000 0.000000 0.000000 1.000000</float_array>
        <technique_common>
          <accessor source="#mixamorig_Head-Matrix-animation-output-transform-array" count="23" stride="16">
            <param type="float4x4"/>
          </accessor>
        </technique_common>
      </source>
      <source id="mixamorig_Head-Interpolations">
        <Name_array id="mixamorig_Head-Interpolations-array" count="23">
 LINEAR LINEAR LINEAR LINEAR LINEAR LINEAR LINEAR LINEAR LINEAR LINEAR LINEAR
LINEAR LINEAR LINEAR LINEAR LINEAR LINEAR LINEAR LINEAR LINEAR LINEAR LINEAR LINEAR</Name_array>
        <technique_common>
          <accessor source="#mixamorig_Head-Interpolations-array" count="23">
            <param type="name"/>
          </accessor>
        </technique_common>
      </source>
      <sampler id="mixamorig_Head-Matrix-animation-transform">
        <input semantic="INPUT" source="#mixamorig_Head-Matrix-animation-input"/>
        <input semantic="OUTPUT" source="#mixamorig_Head-Matrix-animation-output-transform"/>
        <input semantic="INTERPOLATION" source="#mixamorig_Head-Interpolations"/>
      </sampler>
      <channel source="#mixamorig_Head-Matrix-animation-transform" target="mixamorig_Head/matrix"/>
    </animation>
    <animation id="mixamorig_LeftShoulder-anim" name="mixamorig_LeftShoulder">
      <source id="mixamorig_LeftShoulder-Matrix-animation-input">
        <float_array id="mixamorig_LeftShoulder-Matrix-animation-input-array" count="23">

0.000000 0.033333 0.066667 0.100000 0.133333 0.166667 0.200000 0.233333 0.266667 0.300000 0.333333 0.366667 0.400000 0.433333 0.466667 0.500000
0.533333 0.566667 0.600000 0.633333 0.666667 0.700000 0.733333</float_array>
        <technique_common>
          <accessor source="#mixamorig_LeftShoulder-Matrix-animation-input-array" count="23">
            <param name="TIME" type="float"/>
          </accessor>
        </technique_common>
      </source>
      <source id="mixamorig_LeftShoulder-Matrix-animation-output-transform">
        <float_array id="mixamorig_LeftShoulder-Matrix-animation-output-transform-array" count="368">

0.352799 0.935571 -0.015508 6.339200 0.126329 -0.064047 -0.989919 14.952900 -0.927132 0.347283 -0.140785 -4.642900 0.000000 0.000000 0.000000 1.000000
0.332343 0.942491 -0.035483 6.339200 0.125322 -0.081416 -0.988770 14.952900 -0.934795 0.324164 -0.145173 -4.642900 0.000000 0.000000 0.000000 1.000000
0.345197 0.937982 -0.032094 6.339200 0.125345 -0.079965 -0.988885 14.952900 -0.930123 0.337337 -0.145175 -4.642900 0.000000 0.000000 0.000000 1.000000
0.320685 0.946209 -0.043013 6.339200 0.128497 -0.088451 -0.987758 14.952900 -0.938429 0.311232 -0.149950 -4.642900 0.000000 0.000000 0.000000 1.000000
0.306053 0.950499 -0.053691 6.339200 0.128942 -0.097263 -0.986871 14.952900 -0.943242 0.295112 -0.152327 -4.642900 0.000000 0.000000 0.000000 1.000000
0.291231 0.955305 -0.050770 6.339200 0.129597 -0.091979 -0.987291 14.952900 -0.947834 0.280950 -0.150592 -4.642900 0.000000 0.000000 0.000000 1.000000
0.270594 0.961937 -0.038170 6.339200 0.133424 -0.076740 -0.988083 14.952900 -0.953403 0.262277 -0.149111 -4.642900 0.000000 0.000000 0.000000 1.000000
0.255590 0.966435 -0.026037 6.339200 0.137453 -0.062984 -0.988504 14.952900 -0.956964 0.249073 -0.148937 -4.642900 0.000000 0.000000 0.000000 1.000000
0.256830 0.966416 -0.008837 6.339200 0.138009 -0.045723 -0.989375 14.952900 -0.956552 0.252882 -0.145117 -4.642900 0.000000 0.000000 0.000000 1.000000
0.238170 0.971169 0.010311 6.339200 0.143435 -0.024672 -0.989352 14.952900 -0.960573 0.237113 -0.145176 -4.642900 0.000000 0.000000 0.000000 1.000000
0.215926 0.975559 0.040748 6.339200 0.151371 0.007783 -0.988446 14.952900 -0.964605 0.219599 -0.145991 -4.642900 0.000000 0.000000 0.000000 1.000000
0.198716 0.977413 0.071946 6.339200 0.157476 0.040612 -0.986687 14.952900 -0.967323 0.207400 -0.145849 -4.642900 0.000000 0.000000 0.000000 1.000000
0.198983 0.976490 0.082904 6.339200 0.159701 0.051155 -0.985839 14.952900 -0.966903 0.209406 -0.145767 -4.642900 0.000000 0.000000 0.000000 1.000000
0.202391 0.974502 0.096869 6.339200 0.166275 0.063285 -0.984047 14.952900 -0.965086 0.215269 -0.149227 -4.642900 0.000000 0.000000 0.000000 1.000000
0.215028 0.972196 0.092723 6.339200 0.171370 0.055909 -0.983619 14.952900 -0.961455 0.227396 -0.154584 -4.642900 0.000000 0.000000 0.000000 1.000000
0.244306 0.968315 0.051782 6.339200 0.166590 0.010695 -0.985968 14.952900 -0.955281 0.249504 -0.158698 -4.642900 0.000000 0.000000 0.000000 1.000000
0.271250 0.962477 0.007836 6.339200 0.155813 -0.035876 -0.987135 14.952900 -0.949813 0.268982 -0.159698 -4.642900 0.000000 0.000000 0.000000 1.000000
0.278481 0.960309 0.015991 6.339200 0.156472 -0.028936 -0.987258 14.952900 -0.947610 0.277435 -0.158320 -4.642900 0.000000 0.000000 0.000000 1.000000
0.289336 0.956968 0.022281 6.339200 0.155105 -0.023901 -0.987609 14.952900 -0.944578 0.289207 -0.155346 -4.642900 0.000000 0.000000 0.000000 1.000000
0.303221 0.952616 0.024071 6.339200 0.151399 -0.023221 -0.988200 14.952900 -0.940816 0.303287 -0.151266 -4.642900 0.000000 0.000000 0.000000 1.000000
0.316937 0.948175 0.022690 6.339200 0.147834 -0.025756 -0.988677 14.952900 -0.936854 0.316703 -0.148335 -4.642900 0.000000 0.000000 0.000000 1.000000
0.333714 0.942626 0.009591 6.339200 0.139322 -0.039256 -0.989469 14.952900 -0.932322 0.331536 -0.144428 -4.642900 0.000000 0.000000 0.000000 1.000000
0.352799 0.935571 -0.015509 6.339200 0.126329 -0.064048 -0.989919 14.952900 -0.927132 0.347283 -0.140785 -4.642900 0.000000 0.000000 0.000000 1.000000</float_array>
        <technique_common>
          <accessor source="#mixamorig_LeftShoulder-Matrix-animation-output-transform-array" count="23" stride="16">
            <param type="float4x4"/>
          </accessor>
        </technique_common>
      </source>
      <source id="mixamorig_LeftShoulder-Interpolations">
        <Name_array id="mixamorig_LeftShoulder-Interpolations-array" count="23">
 LINEAR LINEAR LINEAR LINEAR LINEAR LINEAR LINEAR LINEAR LINEAR LINEAR LINEAR
LINEAR LINEAR LINEAR LINEAR LINEAR LINEAR LINEAR LINEAR LINEAR LINEAR LINEAR LINEAR</Name_array>
        <technique_common>
          <accessor source="#mixamorig_LeftShoulder-Interpolations-array" count="23">
            <param type="name"/>
          </accessor>
        </technique_common>
      </source>
      <sampler id="mixamorig_LeftShoulder-Matrix-animation-transform">
        <input semantic="INPUT" source="#mixamorig_LeftShoulder-Matrix-animation-input"/>
        <input semantic="OUTPUT" source="#mixamorig_LeftShoulder-Matrix-animation-output-transform"/>
        <input semantic="INTERPOLATION" source="#mixamorig_LeftShoulder-Interpolations"/>
      </sampler>
      <channel source="#mixamorig_LeftShoulder-Matrix-animation-transform" target="mixamorig_LeftShoulder/matrix"/>
    </animation>
    <animation id="mixamorig_LeftArm-anim" name="mixamorig_LeftArm">
      <source id="mixamorig_LeftArm-Matrix-animation-input">
        <float_array id="mixamorig_LeftArm-Matrix-animation-input-array" count="23">

0.000000 0.033333 0.066667 0.100000 0.133333 0.166667 0.200000 0.233333 0.266667 0.300000 0.333333 0.366667 0.400000 0.433333 0.466667 0.500000
0.533333 0.566667 0.600000 0.633333 0.666667 0.700000 0.733333</float_array>
        <technique_common>
          <accessor source="#mixamorig_LeftArm-Matrix-animation-input-array" count="23">
            <param name="TIME" type="float"/>
          </accessor>
        </technique_common>
      </source>
      <source id="mixamorig_LeftArm-Matrix-animation-output-transform">
        <float_array id="mixamorig_LeftArm-Matrix-animation-output-transform-array" count="368">

0.816923 -0.556277 0.152293 0.000000 0.326516 0.228410 -0.917178 9.143700 0.475420 0.798990 0.368227 0.000000 0.000000 0.000000 0.000000 1.000000
0.789667 -0.586668 0.179575 0.000000 0.349167 0.189057 -0.917791 9.143700 0.504488 0.787451 0.354137 0.000000 0.000000 0.000000 0.000000 1.000000
