<?xml version="1.0" encoding="utf-8"?>
<COLLADA xmlns="http://www.collada.org/2005/11/COLLADASchema" version="1.4.1">
  <asset>
    <contributor>
      <author>Mixamo</author>
      <authoring_tool>COLLADA Mixamo exporter</authoring_tool>
      <comments/>
    </contributor>
    <created>2024-02-20T12:20:18Z</created>
    <modified>2024-02-20T12:20:18Z</modified>
    <revision/>
    <title/>
    <unit meter="0.010000"/>
    <up_axis>Y_UP</up_axis>
  </asset>
  <library_animations>
    <animation id="mixamorig_Hips-anim" name="mixamorig_Hips">
      <source id="mixamorig_Hips-Matrix-animation-input">
        <float_array id="mixamorig_Hips-Matrix-animation-input-array" count="107">

0.000000 0.033333 0.066667 0.100000 0.133333 0.166667 0.200000 0.233333 0.266667 0.300000 0.333333 0.366667 0.400000 0.433333 0.466667 0.500000
0.533333 0.566667 0.600000 0.633333 0.666667 0.700000 0.733333 0.766667 0.800000 0.833333 0.866667 0.900000 0.933333 0.966667 1.000000 1.033333
1.066667 1.100000 1.133333 1.166667 1.200000 1.233333 1.266667 1.300000 1.333333 1.366667 1.400000 1.433333 1.466667 1.500000 1.533333 1.566667
1.600000 1.633333 1.666667 1.700000 1.733333 1.766667 1.800000 1.833333 1.866667 1.900000 1.933333 1.966667 2.000000 2.033333 2.066667 2.100000
2.133333 2.166667 2.200000 2.233333 2.266667 2.300000 2.333333 2.366667 2.400000 2.433333 2.466667 2.500000 2.533333 2.566667 2.600000 2.633333
2.666667 2.700000 2.733333 2.766667 2.800000 2.833333 2.866667 2.900000 2.933333 2.966667 3.000000 3.033333 3.066667 3.100000 3.133333 3.166667
3.200000 3.233333 3.266667 3.300000 3.333333 3.366667 3.400000 3.433333 3.466667 3.500000 3.533333</float_array>
        <technique_common>
          <accessor source="#mixamorig_Hips-Matrix-animation-input-array" count="107">
            <param name="TIME" type="float"/>
          </accessor>
        </technique_common>
      </source>
      <source id="mixamorig_Hips-Matrix-animation-output-transform">
        <float_array id="mixamorig_Hips-Matrix-animation-output-transform-array" count="1712">

0.962913 -0.000759 -0.269809 -0.024065 -0.022959 0.996139 -0.084740 98.478210 0.268832 0.087792 0.959178 0.080217 0.000000 0.000000 0.000000 1.000000
0.961831 -0.015191 -0.273221 -0.321495 -0.006992 0.996768 -0.080035 98.522095 0.273553 0.078891 0.958616 0.085442 0.000000 0.000000 0.000000 1.000000
0.959634 -0.025879 -0.280059 -0.705861 0.006441 0.997519 -0.070106 98.527107 0.281178 0.065472 0.957420 0.189623 0.000000 0.000000 0.000000 1.000000
0.953174 -0.020699 -0.301713 -1.130206 0.009615 0.999225 -0.038174 98.378181 0.302270 0.033486 0.952634 0.745335 0.000000 0.000000 0.000000 1.000000
0.941984 -0.006627 -0.335593 -1.579717 0.008975 0.999945 0.005446 98.172554 0.335538 -0.008142 0.941991 1.700850 0.000000 0.000000 0.000000 1.000000
0.925068 0.010736 -0.379650 -2.057647 0.010241 0.998532 0.053190 97.985435 0.379663 -0.053092 0.923600 3.038013 0.000000 0.000000 0.000000 1.000000
0.902513 0.024434 -0.429968 -2.561853 0.018377 0.995295 0.095134 97.893974 0.430269 -0.093761 0.897818 4.670757 0.000000 0.000000 0.000000 1.000000
0.875279 0.029495 -0.482718 -3.095100 0.034185 0.991868 0.122591 97.952042 0.482409 -0.123803 0.867153 6.442808 0.000000 0.000000 0.000000 1.000000
0.844009 0.024296 -0.535778 -3.643349 0.054734 0.989856 0.131111 98.158524 0.533529 -0.139984 0.834117 8.202950 0.000000 0.000000 0.000000 1.000000
0.808071 0.011650 -0.588970 -4.167035 0.074024 0.989871 0.121142 98.401398 0.584416 -0.141489 0.799023 9.870807 0.000000 0.000000 0.000000 1.000000
0.765613 -0.007642 -0.643256 -4.662221 0.091119 0.991136 0.096677 98.686775 0.636815 -0.132630 0.759523 11.426765 0.000000 0.000000 0.000000 1.000000
0.715322 -0.029384 -0.698177 -5.095920 0.102850 0.992662 0.063597 98.939499 0.691185 -0.117300 0.713095 12.937583 0.000000 0.000000 0.000000 1.000000
0.658379 -0.048663 -0.751112 -5.431118 0.106015 0.993955 0.028530 99.057907 0.745183 -0.098412 0.659558 14.534853 0.000000 0.000000 0.000000 1.000000
0.599468 -0.063088 -0.797909 -5.648234 0.102161 0.994766 -0.001900 99.011009 0.793852 -0.080376 0.602776 16.326845 0.000000 0.000000 0.000000 1.000000
0.546482 -0.069900 -0.834549 -5.729830 0.093698 0.995357 -0.022013 98.740723 0.832213 -0.066165 0.550494 18.404953 0.000000 0.000000 0.000000 1.000000
0.508630 -0.066874 -0.858384 -5.654670 0.083183 0.996132 -0.028315 98.166618 0.856957 -0.057001 0.512225 20.770308 0.000000 0.000000 0.000000 1.000000
0.494535 -0.052695 -0.867559 -5.444656 0.070405 0.997309 -0.020443 97.198982 0.866302 -0.050971 0.496914 23.385378 0.000000 0.000000 0.000000 1.000000
0.510715 -0.028644 -0.859273 -5.121622 0.053379 0.998573 -0.001562 95.830620 0.858091 -0.045069 0.511515 26.154352 0.000000 0.000000 0.000000 1.000000
0.559757 0.002967 -0.828651 -4.745949 0.026833 0.999404 0.021704 94.077271 0.828222 -0.034384 0.559344 28.953789 0.000000 0.000000 0.000000 1.000000
0.638687 0.033968 -0.768717 -4.395829 -0.004652 0.999177 0.040286 92.229836 0.769453 -0.022154 0.638319 31.715017 0.000000 0.000000 0.000000 1.000000
0.736254 0.059494 -0.674085 -4.134050 -0.039028 0.998203 0.045473 90.473457 0.675579 -0.007172 0.737252 34.429424 0.000000 0.000000 0.000000 1.000000
0.834535 0.075428 -0.545768 -3.963166 -0.068242 0.997108 0.033456 88.984550 0.546713 0.009324 0.837268 37.127022 0.000000 0.000000 0.000000 1.000000
0.915638 0.077963 -0.394371 -3.892935 -0.081469 0.996645 0.007874 87.930984 0.393661 0.024919 0.918918 39.872047 0.000000 0.000000 0.000000 1.000000
0.969205 0.066874 -0.237000 -4.016469 -0.074555 0.996938 -0.023586 87.422920 0.234697 0.040529 0.971223 42.722412 0.000000 0.000000 0.000000 1.000000
0.994769 0.049955 -0.089097 -4.297545 -0.055099 0.996896 -0.056234 87.389023 0.086011 0.060849 0.994434 45.722248 0.000000 0.000000 0.000000 1.000000
0.998189 0.040681 0.044313 -4.751819 -0.036472 0.995095 -0.091958 87.729691 -0.047836 0.090175 0.994776 48.950939 0.000000 0.000000 0.000000 1.000000
0.983448 0.059308 0.171207 -5.371369 -0.035984 0.990021 -0.136250 88.400764 -0.177580 0.127834 0.975768 52.496597 0.000000 0.000000 0.000000 1.000000
0.946404 0.113035 0.302562 -6.221550 -0.053977 0.978939 -0.196887 88.952713 -0.318445 0.170004 0.932573 56.003338 0.000000 0.000000 0.000000 1.000000
0.883362 0.183067 0.431461 -7.148756 -0.069997 0.961769 -0.264764 89.385757 -0.463435 0.203682 0.862404 59.372925 0.000000 0.000000 0.000000 1.000000
0.786373 0.258774 0.560941 -7.857289 -0.078044 0.942375 -0.325329 90.006508 -0.612803 0.212051 0.761254 62.762810 0.000000 0.000000 0.000000 1.000000
0.645042 0.337711 0.685473 -8.389855 -0.078345 0.921543 -0.380291 90.780807 -0.760121 0.191600 0.620891 66.141159 0.000000 0.000000 0.000000 1.000000
0.472271 0.401281 0.784814 -8.790707 -0.067693 0.904246 -0.421612 91.762009 -0.878850 0.145989 0.454213 69.394348 0.000000 0.000000 0.000000 1.000000
0.291633 0.419925 0.859426 -8.770182 -0.047738 0.903753 -0.425384 93.197891 -0.955338 0.083029 0.283611 72.523102 0.000000 0.000000 0.000000 1.000000
0.110564 0.401898 0.908985 -8.480712 -0.032706 0.915568 -0.400830 94.865669 -0.993331 0.014588 0.114373 75.582413 0.000000 0.000000 0.000000 1.000000
-0.063242 0.364719 0.928967 -8.076336 -0.028828 0.929775 -0.366999 96.462173 -0.997582 -0.049991 -0.048287 78.642967 0.000000 0.000000 0.000000 1.000000
-0.218526 0.330166 0.918279 -7.770324 -0.029577 0.938349 -0.344421 97.651199 -0.975383 -0.102425 -0.195289 81.814560 0.000000 0.000000 0.000000 1.000000
-0.343355 0.317398 0.883949 -7.684223 -0.022625 0.938098 -0.345630 98.190269 -0.938933 -0.138673 -0.314920 85.177948 0.000000 0.000000 0.000000 1.000000
-0.430231 0.334806 0.838335 -7.823465 -0.000045 0.928671 -0.370906 98.040451 -0.902719 -0.159613 -0.399528 88.748512 0.000000 0.000000 0.000000 1.000000
-0.477491 0.377006 0.793643 -8.126053 0.034496 0.910614 -0.411816 97.259468 -0.877959 -0.169261 -0.447815 92.560806 0.000000 0.000000 0.000000 1.000000
-0.490061 0.429664 0.758438 -8.462725 0.070385 0.886744 -0.456872 95.979797 -0.868842 -0.170512 -0.464800 96.671295 0.000000 0.000000 0.000000 1.000000
-0.479182 0.477177 0.736673 -8.691151 0.098697 0.863278 -0.494985 94.371101 -0.872149 -0.164481 -0.460763 101.098267 0.000000 0.000000 0.000000 1.000000
-0.458468 0.508584 0.728800 -8.730463 0.118196 0.847673 -0.517184 92.551430 -0.880816 -0.150971 -0.448744 105.880219 0.000000 0.000000 0.000000 1.000000
-0.438740 0.519349 0.733337 -8.597861 0.134071 0.844774 -0.518056 90.562103 -0.888556 -0.128973 -0.440266 111.002937 0.000000 0.000000 0.000000 1.000000
-0.424175 0.510238 0.748153 -8.400482 0.151629 0.854512 -0.496807 88.418564 -0.892796 -0.097292 -0.439830 116.375763 0.000000 0.000000 0.000000 1.000000
-0.410330 0.485506 0.771954 -8.370180 0.171086 0.872453 -0.457772 86.154831 -0.895745 -0.055767 -0.441057 121.706818 0.000000 0.000000 0.000000 1.000000
-0.384631 0.451056 0.805362 -8.526953 0.187668 0.892471 -0.410215 83.976898 -0.903792 -0.006641 -0.427921 126.622650 0.000000 0.000000 0.000000 1.000000
-0.328036 0.412273 0.849955 -8.780047 0.194627 0.909934 -0.366251 82.135666 -0.924399 0.045281 -0.378730 130.798111 0.000000 0.000000 0.000000 1.000000
-0.219847 0.371833 0.901891 -8.897209 0.186207 0.923507 -0.335354 80.868233 -0.957598 0.094212 -0.272268 134.088943 0.000000 0.000000 0.000000 1.000000
-0.046263 0.328753 0.943282 -8.586487 0.157942 0.934822 -0.318059 80.363098 -0.986364 0.134269 -0.095172 136.600174 0.000000 0.000000 0.000000 1.000000
0.186211 0.281085 0.941444 -7.616749 0.112943 0.945727 -0.304703 80.670410 -0.975997 0.163068 0.144358 138.697159 0.000000 0.000000 0.000000 1.000000
0.440592 0.228816 0.868056 -5.928445 0.064644 0.956373 -0.284906 81.664223 -0.895377 0.181642 0.406579 140.829880 0.000000 0.000000 0.000000 1.000000
0.662130 0.175432 0.728566 -3.707516 0.030252 0.965163 -0.259895 83.067642 -0.748779 0.194124 0.633756 143.358429 0.000000 0.000000 0.000000 1.000000
0.815313 0.125620 0.565229 -1.334756 0.017171 0.970507 -0.240460 84.689049 -0.578765 0.205756 0.789110 146.565887 0.000000 0.000000 0.000000 1.000000
0.901363 0.084137 0.424813 0.676515 0.018839 0.972399 -0.232562 86.345024 -0.432654 0.217626 0.874899 150.524277 0.000000 0.000000 0.000000 1.000000
0.942611 0.058739 0.328686 1.964290 0.020130 0.972616 -0.231544 87.846130 -0.333286 0.224873 0.915616 154.832214 0.000000 0.000000 0.000000 1.000000
0.964069 0.047921 0.261295 2.392684 0.013368 0.973598 -0.227877 89.193642 -0.265317 0.223182 0.937975 159.231918 0.000000 0.000000 0.000000 1.000000
0.981453 0.045517 0.186220 2.087256 -0.004977 0.977126 -0.212603 90.442528 -0.191638 0.207733 0.959230 163.614670 0.000000 0.000000 0.000000 1.000000
0.996733 0.045167 0.066964 1.495303 -0.032539 0.983327 -0.178912 91.652237 -0.073928 0.176149 0.981584 167.854675 0.000000 0.000000 0.000000 1.000000
0.992305 0.042232 -0.116389 1.091680 -0.056785 0.990567 -0.124712 92.882324 0.110024 0.130361 0.985343 172.038940 0.000000 0.000000 0.000000 1.000000
0.934620 0.037003 -0.353718 1.165777 -0.061425 0.996421 -0.058065 94.147339 0.350303 0.075996 0.933548 176.356827 0.000000 0.000000 0.000000 1.000000
0.796181 0.036485 -0.603957 1.799278 -0.043682 0.999042 0.002767 95.337852 0.603479 0.024178 0.797012 181.082779 0.000000 0.000000 0.000000 1.000000
0.577135 0.038150 -0.815757 2.611405 -0.008632 0.999137 0.040619 96.583183 0.816603 -0.016401 0.576966 186.523193 0.000000 0.000000 0.000000 1.000000
0.305208 0.038829 -0.951494 3.075819 0.029140 0.998320 0.050087 97.956039 0.951840 -0.043013 0.303564 192.786072 0.000000 0.000000 0.000000 1.000000
0.017215 0.035281 -0.999229 2.681458 0.059197 0.997588 0.036243 99.460007 0.998098 -0.059775 0.015085 199.625946 0.000000 0.000000 0.000000 1.000000
-0.255691 0.026438 -0.966397 1.232555 0.077909 0.996938 0.006660 100.951233 0.963614 -0.073588 -0.256968 206.614029 0.000000 0.000000 0.000000 1.000000
-0.491649 0.012968 -0.870697 -1.028709 0.084796 0.995850 -0.033049 102.181252 0.866655 -0.090080 -0.490708 213.408356 0.000000 0.000000 0.000000 1.000000
-0.677970 -0.001981 -0.735087 -3.701158 0.082651 0.993450 -0.078906 102.963730 0.730428 -0.114252 -0.673365 219.601700 0.000000 0.000000 0.000000 1.000000
-0.812620 -0.011686 -0.582677 -6.456200 0.077053 0.988868 -0.127294 103.270317 0.577678 -0.148339 -0.802673 224.842377 0.000000 0.000000 0.000000 1.000000
-0.903121 -0.011179 -0.429241 -9.067782 0.070892 0.982061 -0.174732 103.091972 0.423494 -0.188234 -0.886127 229.155685 0.000000 0.000000 0.000000 1.000000
-0.960530 0.001584 -0.278174 -11.359676 0.064787 0.973759 -0.218165 102.552948 0.270529 -0.227576 -0.935427 232.688660 0.000000 0.000000 0.000000 1.000000
-0.992130 0.026970 -0.122269 -13.269636 0.057651 0.965251 -0.254884 101.808205 0.111146 -0.259927 -0.959210 235.746170 0.000000 0.000000 0.000000 1.000000
-0.996897 0.061894 0.048640 -14.958010 0.045752 0.958378 -0.281811 101.042366 -0.064058 -0.278711 -0.958236 238.612854 0.000000 0.000000 0.000000 1.000000
-0.966476 0.098180 0.237245 -16.614239 0.024760 0.955335 -0.294486 100.424271 -0.255561 -0.278740 -0.925739 241.403717 0.000000 0.000000 0.000000 1.000000
-0.892457 0.125772 0.433246 -18.324215 -0.004625 0.957750 -0.287563 100.000916 -0.451109 -0.258642 -0.854170 244.094955 0.000000 0.000000 0.000000 1.000000
-0.774630 0.135064 0.617823 -20.040453 -0.037314 0.965465 -0.257847 99.743851 -0.631312 -0.222789 -0.742839 246.529724 0.000000 0.000000 0.000000 1.000000
-0.622278 0.123562 0.772982 -21.546009 -0.063470 0.976248 -0.207150 99.496010 -0.780219 -0.177967 -0.599656 248.626328 0.000000 0.000000 0.000000 1.000000
-0.449405 0.089739 0.888809 -22.543600 -0.083459 0.986372 -0.141789 99.293854 -0.889421 -0.137900 -0.435791 250.353088 0.000000 0.000000 0.000000 1.000000
-0.266617 0.041260 0.962919 -22.810308 -0.097506 0.992803 -0.069538 99.106911 -0.958858 -0.112431 -0.260675 252.021011 0.000000 0.000000 0.000000 1.000000
-0.078820 -0.011293 0.996825 -22.300140 -0.108260 0.994119 0.002702 99.003029 -0.990993 -0.107703 -0.079579 253.965805 0.000000 0.000000 0.000000 1.000000
0.113389 -0.055929 0.991975 -21.074400 -0.115082 0.990955 0.069026 99.099190 -0.986863 -0.121986 0.105927 256.492920 0.000000 0.000000 0.000000 1.000000
0.309167 -0.083257 0.947356 -19.381800 -0.113205 0.985856 0.123585 99.433914 -0.944246 -0.145453 0.295369 259.819824 0.000000 0.000000 0.000000 1.000000
0.502270 -0.089868 0.860028 -17.627279 -0.099498 0.981972 0.160719 99.906357 -0.858968 -0.166295 0.484273 263.883392 0.000000 0.000000 0.000000 1.000000
0.680099 -0.079526 0.728794 -16.013502 -0.075372 0.981247 0.177409 100.549644 -0.729236 -0.175586 0.661351 268.293243 0.000000 0.000000 0.000000 1.000000
0.825418 -0.059828 0.561344 -14.711831 -0.048476 0.983184 0.176068 101.263420 -0.562438 -0.172542 0.808637 272.641479 0.000000 0.000000 0.000000 1.000000
0.925515 -0.040490 0.376540 -13.846872 -0.023854 0.986061 0.164663 101.978127 -0.377959 -0.161380 0.911649 276.549591 0.000000 0.000000 0.000000 1.000000
0.979694 -0.030359 0.198185 -13.472459 -0.000173 0.988341 0.152257 102.626801 -0.200497 -0.149199 0.968267 279.846222 0.000000 0.000000 0.000000 1.000000
0.998388 -0.033990 0.045449 -13.434474 0.027111 0.989174 0.144220 103.220810 -0.049859 -0.142756 0.988501 282.568024 0.000000 0.000000 0.000000 1.000000
0.996492 -0.046095 -0.069850 -13.515034 0.055648 0.988350 0.141658 103.619835 0.062507 -0.145048 0.987448 284.753143 0.000000 0.000000 0.000000 1.000000
0.986796 -0.062985 -0.149222 -13.530938 0.084617 0.986046 0.143363 103.884254 0.138109 -0.154097 0.978356 286.666504 0.000000 0.000000 0.000000 1.000000
0.976627 -0.078423 -0.200122 -13.372470 0.109132 0.983045 0.147351 104.048668 0.185174 -0.165746 0.968627 288.380615 0.000000 0.000000 0.000000 1.000000
0.968442 -0.090131 -0.232373 -13.004505 0.127551 0.980211 0.151386 104.184242 0.214130 -0.176247 0.960773 289.992401 0.000000 0.000000 0.000000 1.000000
0.962691 -0.095652 -0.253134 -12.394845 0.137666 0.978461 0.153824 104.297935 0.232968 -0.182933 0.955124 291.530060 0.000000 0.000000 0.000000 1.000000
0.958974 -0.094538 -0.267267 -11.533244 0.139357 0.978191 0.154016 104.385445 0.246878 -0.184943 0.951235 293.017242 0.000000 0.000000 0.000000 1.000000
0.956599 -0.088905 -0.277513 -10.444069 0.135148 0.979065 0.152207 104.423439 0.258172 -0.183107 0.948588 294.510010 0.000000 0.000000 0.000000 1.000000
0.955349 -0.077932 -0.285016 -9.157287 0.124424 0.981005 0.148824 104.298409 0.268004 -0.177642 0.946899 296.103882 0.000000 0.000000 0.000000 1.000000
0.954650 -0.061947 -0.291216 -7.706280 0.107600 0.983790 0.143458 103.928963 0.277609 -0.168287 0.945840 297.900879 0.000000 0.000000 0.000000 1.000000
0.953800 -0.041604 -0.297547 -6.158841 0.085077 0.987230 0.134682 103.237526 0.288144 -0.153774 0.945160 299.952515 0.000000 0.000000 0.000000 1.000000
0.952168 -0.020526 -0.304885 -4.651985 0.059998 0.990879 0.120665 102.220245 0.299627 -0.133186 0.944714 302.233856 0.000000 0.000000 0.000000 1.000000
0.949908 -0.001226 -0.312526 -3.208590 0.034272 0.994370 0.100269 100.945000 0.310644 -0.105957 0.944602 304.587494 0.000000 0.000000 0.000000 1.000000
0.947918 0.011385 -0.318312 -1.991091 0.012830 0.997185 0.073874 99.593964 0.318257 -0.074110 0.945103 306.937958 0.000000 0.000000 0.000000 1.000000
0.947253 0.017067 -0.320031 -1.055140 -0.003274 0.999044 0.043586 98.323616 0.320469 -0.040239 0.946404 309.095917 0.000000 0.000000 0.000000 1.000000
0.948512 0.016303 -0.316320 -0.475016 -0.012942 0.999835 0.012722 97.357735 0.316476 -0.007973 0.948567 311.006470 0.000000 0.000000 0.000000 1.000000
0.951463 0.010669 -0.307579 -0.137564 -0.016186 0.999751 -0.015393 96.825470 0.307338 0.019624 0.951398 312.573334 0.000000 0.000000 0.000000 1.000000
0.955190 0.004014 -0.295966 0.009716 -0.016205 0.999118 -0.038749 96.758301 0.295549 0.041809 0.954412 313.841675 0.000000 0.000000 0.000000 1.000000
0.958766 -0.000764 -0.284197 0.056997 -0.016179 0.998228 -0.057265 97.091171 0.283737 0.059502 0.957054 314.869049 0.000000 0.000000 0.000000 1.000000
0.961025 -0.001283 -0.276460 0.029966 -0.019226 0.997258 -0.071460 97.751160 0.275794 0.073990 0.958365 315.700806 0.000000 0.000000 0.000000 1.000000
0.962914 -0.000759 -0.269808 -0.023681 -0.022959 0.996138 -0.084741 98.478210 0.268831 0.087792 0.959178 316.495575 0.000000 0.000000 0.000000 1.000000</float_array>
        <technique_common>
          <accessor source="#mixamorig_Hips-Matrix-animation-output-transform-array" count="107" stride="16">
            <param type="float4x4"/>
          </accessor>
        </technique_common>
      </source>
      <source id="mixamorig_Hips-Interpolations">
        <Name_array id="mixamorig_Hips-Interpolations-array" count="107">
 LINEAR LINEAR LINEAR LINEAR LINEAR LINEAR LINEAR LINEAR LINEAR LINEAR LINEAR
LINEAR LINEAR LINEAR LINEAR LINEAR LINEAR LINEAR LINEAR LINEAR LINEAR LINEAR LINEAR
LINEAR LINEAR LINEAR LINEAR LINEAR LINEAR LINEAR LINEAR LINEAR LINEAR LINEAR LINEAR
LINEAR LINEAR LINEAR LINEAR LINEAR LINEAR LINEAR LINEAR LINEAR LINEAR LINEAR LINEAR
LINEAR LINEAR LINEAR LINEAR LINEAR LINEAR LINEAR LINEAR LINEAR LINEAR LINEAR LINEAR
LINEAR LINEAR LINEAR LINEAR LINEAR LINEAR LINEAR LINEAR LINEAR LINEAR LINEAR LINEAR
LINEAR LINEAR LINEAR LINEAR LINEAR LINEAR LINEAR LINEAR LINEAR LINEAR LINEAR LINEAR
LINEAR LINEAR LINEAR LINEAR LINEAR LINEAR LINEAR LINEAR LINEAR LINEAR LINEAR LINEAR
LINEAR LINEAR LINEAR LINEAR LINEAR LINEAR LINEAR LINEAR LINEAR LINEAR LINEAR LINEAR</Name_array>
        <technique_common>
          <accessor source="#mixamorig_Hips-Interpolations-array" count="107">
            <param type="name"/>
          </accessor>
        </technique_common>
      </source>
      <sampler id="mixamorig_Hips-Matrix-animation-transform">
        <input semantic="INPUT" source="#mixamorig_Hips-Matrix-animation-input"/>
        <input semantic="OUTPUT" source="#mixamorig_Hips-Matrix-animation-output-transform"/>
        <input semantic="INTERPOLATION" source="#mixamorig_Hips-Interpolations"/>
      </sampler>
      <channel source="#mixamorig_Hips-Matrix-animation-transform" target="mixamorig_Hips/matrix"/>
    </animation>
    <animation id="mixamorig_Spine-anim" name="mixamorig_Spine">
      <source id="mixamorig_Spine-Matrix-animation-input">
        <float_array id="mixamorig_Spine-Matrix-animation-input-array" count="107">

0.000000 0.033333 0.066667 0.100000 0.133333 0.166667 0.200000 0.233333 0.266667 0.300000 0.333333 0.366667 0.400000 0.433333 0.466667 0.500000
0.533333 0.566667 0.600000 0.633333 0.666667 0.700000 0.733333 0.766667 0.800000 0.833333 0.866667 0.900000 0.933333 0.966667 1.000000 1.033333
1.066667 1.100000 1.133333 1.166667 1.200000 1.233333 1.266667 1.300000 1.333333 1.366667 1.400000 1.433333 1.466667 1.500000 1.533333 1.566667
1.600000 1.633333 1.666667 1.700000 1.733333 1.766667 1.800000 1.833333 1.866667 1.900000 1.933333 1.966667 2.000000 2.033333 2.066667 2.100000
2.133333 2.166667 2.200000 2.233333 2.266667 2.300000 2.333333 2.366667 2.400000 2.433333 2.466667 2.500000 2.533333 2.566667 2.600000 2.633333
2.666667 2.700000 2.733333 2.766667 2.800000 2.833333 2.866667 2.900000 2.933333 2.966667 3.000000 3.033333 3.066667 3.100000 3.133333 3.166667
3.200000 3.233333 3.266667 3.300000 3.333333 3.366667 3.400000 3.433333 3.466667 3.500000 3.533333</float_array>
        <technique_common>
          <accessor source="#mixamorig_Spine-Matrix-animation-input-array" count="107">
            <param name="TIME" type="float"/>
          </accessor>
        </technique_common>
      </source>
      <source id="mixamorig_Spine-Matrix-animation-output-transform">
        <float_array id="mixamorig_Spine-Matrix-animation-output-transform-array" count="1712">

0.997013 -0.003121 0.077165 0.000000 0.027098 0.949790 -0.311712 10.181600 -0.072318 0.312872 0.947038 0.000000 0.000000 0.000000 0.000000 1.000000
0.994335 -0.024957 0.103320 0.000000 0.054765 0.953379 -0.296763 10.181600 -0.091097 0.300740 0.949345 -0.000000 0.000000 0.000000 0.000000 1.000000
0.990164 -0.050311 0.130549 -0.000000 0.085047 0.957359 -0.276099 10.181600 -0.111092 0.284486 0.952222 0.000000 0.000000 0.000000 0.000000 1.000000
0.982950 -0.089563 0.160586 -0.000000 0.125981 0.964190 -0.233382 10.181600 -0.133933 0.249634 0.959033 0.000000 0.000000 0.000000 0.000000 1.000000
0.974659 -0.130186 0.181911 0.000000 0.162758 0.970581 -0.177435 10.181600 -0.153460 0.202546 0.967174 0.000000 0.000000 0.000000 0.000000 1.000000
0.969533 -0.163203 0.182674 0.000000 0.186471 0.975308 -0.118336 10.181600 -0.158850 0.148794 0.976026 0.000000 0.000000 0.000000 0.000000 1.000000
0.971729 -0.180881 0.151739 0.000000 0.192680 0.978977 -0.066918 10.181600 -0.136445 0.094263 0.986153 0.000000 0.000000 0.000000 0.000000 1.000000
0.980609 -0.177674 0.082697 0.000000 0.180884 0.982950 -0.033027 10.181600 -0.075418 0.047345 0.996027 -0.000000 0.000000 0.000000 0.000000 1.000000
0.987879 -0.153626 -0.022228 0.000000 0.153211 0.988005 -0.019301 10.181600 0.024927 0.015661 0.999567 0.000000 0.000000 0.000000 0.000000 1.000000
0.981909 -0.115365 -0.150154 0.000000 0.113357 0.993313 -0.021895 10.181600 0.151676 0.004478 0.988420 -0.000000 0.000000 0.000000 0.000000 1.000000
0.957618 -0.069239 -0.279597 -0.000000 0.062823 0.997516 -0.031852 10.181600 0.281108 0.012937 0.959589 0.000000 0.000000 0.000000 0.000000 1.000000
0.920959 -0.024943 -0.388861 0.000000 0.009672 0.999105 -0.041178 10.181600 0.389540 0.034162 0.920376 0.000000 0.000000 0.000000 0.000000 1.000000
0.886105 0.010770 -0.463360 -0.000000 -0.037482 0.998121 -0.048479 10.181600 0.461967 0.060325 0.884843 0.000000 0.000000 0.000000 0.000000 1.000000
0.866609 0.033083 -0.497890 0.000000 -0.069113 0.996141 -0.054105 10.181600 0.494179 0.081299 0.865551 0.000000 0.000000 0.000000 0.000000 1.000000
0.867564 0.041055 -0.495627 0.000000 -0.081283 0.994891 -0.059871 10.181600 0.490637 0.092228 0.866469 0.000000 0.000000 0.000000 0.000000 1.000000
0.884215 0.037195 -0.465596 0.000000 -0.076125 0.994972 -0.065084 10.181600 0.460834 0.092992 0.882601 -0.000000 0.000000 0.000000 0.000000 1.000000
0.907210 0.025528 -0.419903 0.000000 -0.059413 0.995927 -0.067815 10.181600 0.416462 0.086470 0.905032 0.000000 0.000000 0.000000 0.000000 1.000000
0.928621 0.011883 -0.370839 0.000000 -0.039064 0.997063 -0.065871 10.181600 0.368967 0.075656 0.926358 0.000000 0.000000 0.000000 0.000000 1.000000
0.945649 -0.000821 -0.325187 0.000000 -0.019371 0.998079 -0.058849 10.181600 0.324611 0.061949 0.943817 0.000000 0.000000 0.000000 0.000000 1.000000
0.958684 -0.001738 -0.284469 -0.000000 -0.011788 0.998880 -0.045830 10.181600 0.284230 0.047290 0.957589 0.000000 0.000000 0.000000 0.000000 1.000000
0.969870 0.010396 -0.243403 0.000000 -0.018545 0.999341 -0.031213 10.181600 0.242918 0.034787 0.969423 0.000000 0.000000 0.000000 0.000000 1.000000
0.980371 0.036028 -0.193844 0.000000 -0.040846 0.998947 -0.020916 10.181600 0.192887 0.028423 0.980809 0.000000 0.000000 0.000000 0.000000 1.000000
0.988760 0.076919 -0.128205 -0.000000 -0.080276 0.996547 -0.021216 10.181600 0.126131 0.031269 0.991521 0.000000 0.000000 0.000000 0.000000 1.000000
0.990471 0.130530 -0.043922 0.000000 -0.132216 0.990494 -0.037955 10.181600 0.038550 0.043401 0.998314 0.000000 0.000000 0.000000 0.000000 1.000000
0.979893 0.191804 0.054971 0.000000 -0.187592 0.979483 -0.073642 10.181600 -0.067968 0.061849 0.995769 0.000000 0.000000 0.000000 0.000000 1.000000
0.955163 0.252273 0.154993 0.000000 -0.234351 0.964086 -0.124970 10.181600 -0.180953 0.083043 0.979979 0.000000 0.000000 0.000000 0.000000 1.000000
0.925148 0.294142 0.239962 0.000000 -0.255513 0.950013 -0.179409 10.181600 -0.280739 0.104666 0.954060 0.000000 0.000000 0.000000 0.000000 1.000000
0.903167 0.311229 0.295679 0.000000 -0.254717 0.942932 -0.214474 10.181600 -0.345555 0.118392 0.930900 0.000000 0.000000 0.000000 0.000000 1.000000
0.889469 0.314173 0.331873 0.000000 -0.241390 0.939627 -0.242552 10.181600 -0.388040 0.135632 0.911608 -0.000000 0.000000 0.000000 0.000000 1.000000
0.892325 0.294986 0.341670 0.000000 -0.210286 0.941431 -0.263604 10.181600 -0.399419 0.163372 0.902094 -0.000000 0.000000 0.000000 0.000000 1.000000
0.911760 0.250115 0.325786 -0.000000 -0.163452 0.948642 -0.270855 10.181600 -0.376800 0.193705 0.905815 0.000000 0.000000 0.000000 0.000000 1.000000
0.934061 0.188727 0.303171 0.000000 -0.102230 0.954728 -0.279361 10.181600 -0.342169 0.229947 0.911068 -0.000000 0.000000 0.000000 0.000000 1.000000
0.951341 0.116548 0.285248 0.000000 -0.024029 0.950953 -0.308402 10.181600 -0.307201 0.286541 0.907481 0.000000 0.000000 0.000000 0.000000 1.000000
0.960441 0.028360 0.277036 0.000000 0.073054 0.934304 -0.348912 10.181600 -0.268730 0.355348 0.895272 -0.000000 0.000000 0.000000 0.000000 1.000000
0.957474 -0.073853 0.278908 0.000000 0.182026 0.904643 -0.385340 10.181600 -0.223854 0.419722 0.879615 0.000000 0.000000 0.000000 0.000000 1.000000
0.942450 -0.174300 0.285320 0.000000 0.283910 0.867906 -0.407596 10.181600 -0.176587 0.465144 0.867444 0.000000 0.000000 0.000000 0.000000 1.000000
0.922788 -0.253022 0.290588 0.000000 0.360092 0.834659 -0.416747 10.181600 -0.137095 0.489207 0.861325 0.000000 0.000000 0.000000 0.000000 1.000000
0.908371 -0.298385 0.292967 0.000000 0.402736 0.812817 -0.420870 10.181600 -0.112547 0.500294 0.858510 0.000000 0.000000 0.000000 0.000000 1.000000
0.903026 -0.311075 0.296270 0.000000 0.416575 0.802547 -0.427063 10.181600 -0.104922 0.509067 0.854308 0.000000 0.000000 0.000000 0.000000 1.000000
0.903856 -0.299315 0.305704 0.000000 0.412700 0.798350 -0.438538 10.181600 -0.112798 0.522539 0.845121 0.000000 0.000000 0.000000 0.000000 1.000000
0.905916 -0.273873 0.322970 0.000000 0.402479 0.793961 -0.455672 10.181600 -0.131629 0.542789 0.829490 0.000000 0.000000 0.000000 0.000000 1.000000
0.906445 -0.245085 0.343935 -0.000000 0.393608 0.785434 -0.477667 10.181600 -0.153069 0.568354 0.808420 0.000000 0.000000 0.000000 0.000000 1.000000
0.907049 -0.220093 0.358916 0.000000 0.386802 0.772285 -0.503944 10.181600 -0.166272 0.595932 0.785633 0.000000 0.000000 0.000000 0.000000 1.000000
0.912815 -0.201587 0.355149 0.000000 0.375397 0.756575 -0.535416 10.181600 -0.160764 0.622058 0.766289 0.000000 0.000000 0.000000 0.000000 1.000000
0.928661 -0.186904 0.320400 0.000000 0.347199 0.741991 -0.573500 10.181600 -0.130545 0.643829 0.753951 0.000000 0.000000 0.000000 0.000000 1.000000
0.954187 -0.169212 0.246768 0.000000 0.289313 0.732138 -0.616662 10.181600 -0.076322 0.659804 0.747552 0.000000 0.000000 0.000000 0.000000 1.000000
0.980986 -0.138351 0.136110 -0.000000 0.193904 0.728504 -0.657027 10.181600 -0.008256 0.670926 0.741478 -0.000000 0.000000 0.000000 0.000000 1.000000
0.996222 -0.086785 0.003198 0.000000 0.065761 0.729806 -0.680485 10.181600 0.056721 0.678124 0.732755 -0.000000 0.000000 0.000000 0.000000 1.000000
0.991648 -0.013163 -0.128303 0.000000 -0.077803 0.732351 -0.676468 10.181600 0.102867 0.680801 0.725210 0.000000 0.000000 0.000000 0.000000 1.000000
0.968702 0.079575 -0.235127 -0.000000 -0.216992 0.731458 -0.646439 10.181600 0.120545 0.677228 0.725832 0.000000 0.000000 0.000000 0.000000 1.000000
0.934378 0.185663 -0.304084 -0.000000 -0.339285 0.724162 -0.600395 10.181600 0.108734 0.664167 0.739634 0.000000 0.000000 0.000000 0.000000 1.000000
0.895536 0.288460 -0.338832 0.000000 -0.436992 0.713797 -0.547294 10.181600 0.083985 0.638188 0.765286 0.000000 0.000000 0.000000 0.000000 1.000000
0.859218 0.365400 -0.358087 -0.000000 -0.506751 0.704066 -0.497488 10.181600 0.070335 0.608912 0.790113 0.000000 0.000000 0.000000 0.000000 1.000000
0.830397 0.403056 -0.384692 0.000000 -0.551311 0.694275 -0.462644 10.181600 0.080611 0.596262 0.798732 -0.000000 0.000000 0.000000 0.000000 1.000000
0.810181 0.396168 -0.432039 -0.000000 -0.573799 0.686672 -0.446358 10.181600 0.119836 0.609535 0.783650 0.000000 0.000000 0.000000 0.000000 1.000000
0.791219 0.360723 -0.493813 0.000000 -0.584750 0.682631 -0.438272 10.181600 0.178997 0.635527 0.751043 -0.000000 0.000000 0.000000 0.000000 1.000000
0.766741 0.322952 -0.554806 -0.000000 -0.594621 0.682998 -0.424193 10.181600 0.241938 0.655146 0.715717 0.000000 0.000000 0.000000 0.000000 1.000000
0.739101 0.307466 -0.599329 -0.000000 -0.606270 0.691384 -0.392969 10.181600 0.293542 0.653798 0.697410 0.000000 0.000000 0.000000 0.000000 1.000000
0.719928 0.322790 -0.614419 0.000000 -0.611794 0.713177 -0.342179 10.181600 0.327737 0.622242 0.710917 0.000000 0.000000 0.000000 0.000000 1.000000
0.723549 0.355634 -0.591609 0.000000 -0.598099 0.750876 -0.280113 10.181600 0.344607 0.556516 0.756000 0.000000 0.000000 0.000000 0.000000 1.000000
0.758841 0.376794 -0.531213 -0.000000 -0.553936 0.802367 -0.222175 10.181600 0.342513 0.462853 0.817589 0.000000 0.000000 0.000000 0.000000 1.000000
0.817150 0.363833 -0.447092 0.000000 -0.480604 0.858275 -0.179956 10.181600 0.318254 0.361925 0.876199 0.000000 0.000000 0.000000 0.000000 1.000000
0.881397 0.306653 -0.359310 0.000000 -0.382730 0.909421 -0.162702 10.181600 0.276871 0.280924 0.918926 0.000000 0.000000 0.000000 0.000000 1.000000
0.934235 0.215268 -0.284366 0.000000 -0.271385 0.946399 -0.175154 10.181600 0.231419 0.240808 0.942580 0.000000 0.000000 0.000000 0.000000 1.000000
0.966823 0.114249 -0.228474 0.000000 -0.164474 0.962762 -0.214565 10.181600 0.195452 0.245024 0.949611 0.000000 0.000000 0.000000 0.000000 1.000000
0.981271 0.028129 -0.190568 0.000000 -0.080044 0.959372 -0.270553 10.181600 0.175215 0.280740 0.943655 0.000000 0.000000 0.000000 0.000000 1.000000
0.985229 -0.029282 -0.168719 -0.000000 -0.027814 0.944823 -0.326399 10.181600 0.168968 0.326270 0.930052 0.000000 0.000000 0.000000 0.000000 1.000000
0.985260 -0.058891 -0.160605 0.000000 -0.004370 0.929898 -0.367790 10.181600 0.171006 0.363071 0.915935 0.000000 0.000000 0.000000 0.000000 1.000000
0.984570 -0.070896 -0.159985 0.000000 0.003263 0.921532 -0.388289 10.181600 0.174960 0.381776 0.907544 -0.000000 0.000000 0.000000 0.000000 1.000000
0.984467 -0.074728 -0.158872 0.000000 0.006769 0.920378 -0.390972 10.181600 0.175439 0.383823 0.906587 0.000000 0.000000 0.000000 0.000000 1.000000
0.985770 -0.073278 -0.151285 0.000000 0.009355 0.922503 -0.385877 10.181600 0.167837 0.378971 0.910062 0.000000 0.000000 0.000000 0.000000 1.000000
0.988815 -0.064554 -0.134454 0.000000 0.007979 0.923085 -0.384513 10.181600 0.148934 0.379140 0.913275 0.000000 0.000000 0.000000 0.000000 1.000000
0.992913 -0.044804 -0.110071 0.000000 -0.002404 0.918446 -0.395538 10.181600 0.118816 0.393000 0.911830 0.000000 0.000000 0.000000 0.000000 1.000000
0.996326 -0.008240 -0.085244 0.000000 -0.028452 0.906974 -0.420225 10.181600 0.080777 0.421106 0.903407 0.000000 0.000000 0.000000 0.000000 1.000000
0.996392 0.048832 -0.069416 0.000000 -0.075006 0.889376 -0.450982 10.181600 0.039714 0.454562 0.889829 0.000000 0.000000 0.000000 0.000000 1.000000
0.989237 0.127389 -0.071986 0.000000 -0.146307 0.867810 -0.474868 10.181600 0.001977 0.480289 0.877108 0.000000 0.000000 0.000000 0.000000 1.000000
0.971505 0.217546 -0.094086 0.000000 -0.235751 0.845892 -0.478423 10.181600 -0.024492 0.486971 0.873074 -0.000000 0.000000 0.000000 0.000000 1.000000
0.941155 0.310768 -0.132855 -0.000000 -0.336583 0.826177 -0.451823 10.181600 -0.030651 0.469952 0.882160 -0.000000 0.000000 0.000000 0.000000 1.000000
0.899228 0.398794 -0.179866 -0.000000 -0.437364 0.810045 -0.390564 10.181600 -0.010055 0.429874 0.902833 0.000000 0.000000 0.000000 0.000000 1.000000
0.850059 0.476457 -0.224473 0.000000 -0.525286 0.798009 -0.295392 10.181600 0.038390 0.369013 0.928631 -0.000000 0.000000 0.000000 0.000000 1.000000
0.800840 0.540680 -0.257527 0.000000 -0.588670 0.789749 -0.172521 10.181600 0.110103 0.289761 0.950745 0.000000 0.000000 0.000000 0.000000 1.000000
0.762657 0.585611 -0.274617 0.000000 -0.616887 0.786198 -0.036659 10.181600 0.194435 0.197366 0.960855 0.000000 0.000000 0.000000 0.000000 1.000000
0.744865 0.606478 -0.278139 0.000000 -0.607908 0.788691 0.091733 10.181600 0.275000 0.100754 0.956150 -0.000000 0.000000 0.000000 0.000000 1.000000
0.750815 0.599918 -0.276362 0.000000 -0.568748 0.799948 0.191337 10.181600 0.335862 0.013522 0.941814 -0.000000 0.000000 0.000000 0.000000 1.000000
0.772374 0.572110 -0.275913 0.000000 -0.516896 0.818602 0.250417 10.181600 0.369129 -0.050797 0.927989 0.000000 0.000000 0.000000 0.000000 1.000000
0.797393 0.536286 -0.276698 0.000000 -0.470420 0.839600 0.271620 10.181600 0.377982 -0.086423 0.921770 0.000000 0.000000 0.000000 0.000000 1.000000
0.817958 0.504574 -0.276314 0.000000 -0.439116 0.857919 0.266743 10.181600 0.371647 -0.096851 0.923309 0.000000 0.000000 0.000000 0.000000 1.000000
0.832899 0.479385 -0.276530 -0.000000 -0.420242 0.872975 0.247612 10.181600 0.360105 -0.090026 0.928558 -0.000000 0.000000 0.000000 0.000000 1.000000
0.844464 0.459962 -0.274438 0.000000 -0.409361 0.884676 0.223098 10.181600 0.345405 -0.076054 0.935367 -0.000000 0.000000 0.000000 0.000000 1.000000
0.856784 0.441080 -0.267150 0.000000 -0.399766 0.895371 0.196210 10.181600 0.325743 -0.061312 0.943468 -0.000000 0.000000 0.000000 0.000000 1.000000
0.871951 0.420289 -0.251115 0.000000 -0.388666 0.906119 0.166992 10.181600 0.297725 -0.048009 0.953444 0.000000 0.000000 0.000000 0.000000 1.000000
0.890585 0.394575 -0.226204 0.000000 -0.372820 0.918203 0.133825 10.181600 0.260505 -0.034849 0.964843 -0.000000 0.000000 0.000000 0.000000 1.000000
0.911757 0.362084 -0.193895 0.000000 -0.349826 0.931950 0.095350 10.181600 0.215225 -0.019107 0.976377 0.000000 0.000000 0.000000 0.000000 1.000000
0.933357 0.322982 -0.156612 0.000000 -0.318821 0.946404 0.051705 10.181600 0.164918 0.001672 0.986306 0.000000 0.000000 0.000000 0.000000 1.000000
0.954202 0.275061 -0.117639 -0.000000 -0.276467 0.961013 0.004526 10.181600 0.114298 0.028204 0.993046 -0.000000 0.000000 0.000000 0.000000 1.000000
0.972561 0.218816 -0.079018 0.000000 -0.222574 0.973999 -0.042272 10.181600 0.067714 0.058700 0.995976 0.000000 0.000000 0.000000 0.000000 1.000000
0.986653 0.157227 -0.042364 0.000000 -0.160335 0.983463 -0.084227 10.181600 0.028421 0.089895 0.995546 0.000000 0.000000 0.000000 0.000000 1.000000
0.995140 0.098011 -0.009485 0.000000 -0.098443 0.988036 -0.118720 10.181600 -0.002264 0.119077 0.992882 -0.000000 0.000000 0.000000 0.000000 1.000000
0.998697 0.047793 0.017909 -0.000000 -0.044663 0.988197 -0.146535 10.181600 -0.024701 0.145545 0.989043 0.000000 0.000000 0.000000 0.000000 1.000000
0.999169 0.013466 0.038465 -0.000000 -0.006709 0.985308 -0.170653 10.181600 -0.040198 0.170254 0.984580 -0.000000 0.000000 0.000000 0.000000 1.000000
0.998594 -0.004918 0.052777 0.000000 0.015062 0.980968 -0.193583 10.181600 -0.050820 0.194106 0.979663 -0.000000 0.000000 0.000000 0.000000 1.000000
0.998027 -0.009791 0.062024 0.000000 0.023068 0.975868 -0.217138 10.181600 -0.058401 0.218141 0.974168 -0.000000 0.000000 0.000000 0.000000 1.000000
0.997694 -0.006308 0.067579 0.000000 0.022472 0.970215 -0.241200 10.181600 -0.064045 0.242162 0.968120 0.000000 0.000000 0.000000 0.000000 1.000000
0.997467 -0.001077 0.071118 0.000000 0.019888 0.964223 -0.264346 10.181600 -0.068289 0.265091 0.961802 0.000000 0.000000 0.000000 0.000000 1.000000
0.997273 0.001803 0.073773 0.000000 0.019341 0.958370 -0.284874 10.181600 -0.071216 0.285524 0.955722 0.000000 0.000000 0.000000 0.000000 1.000000
0.997145 -0.000086 0.075514 0.000000 0.022733 0.953951 -0.299100 10.181600 -0.072011 0.299962 0.951229 0.000000 0.000000 0.000000 0.000000 1.000000
0.997013 -0.003121 0.077165 -0.000000 0.027098 0.949790 -0.311712 10.181600 -0.072317 0.312872 0.947038 -0.000000 0.000000 0.000000 0.000000 1.000000</float_array>
        <technique_common>
          <accessor source="#mixamorig_Spine-Matrix-animation-output-transform-array" count="107" stride="16">
            <param type="float4x4"/>
          </accessor>
        </technique_common>
      </source>
      <source id="mixamorig_Spine-Interpolations">
        <Name_array id="mixamorig_Spine-Interpolations-array" count="107">
 LINEAR LINEAR LINEAR LINEAR LINEAR LINEAR LINEAR LINEAR LINEAR LINEAR LINEAR
LINEAR LINEAR LINEAR LINEAR LINEAR LINEAR LINEAR LINEAR LINEAR LINEAR LINEAR LINEAR
LINEAR LINEAR LINEAR LINEAR LINEAR LINEAR LINEAR LINEAR LINEAR LINEAR LINEAR LINEAR
LINEAR LINEAR LINEAR LINEAR LINEAR LINEAR LINEAR LINEAR LINEAR LINEAR LINEAR LINEAR
LINEAR LINEAR LINEAR LINEAR LINEAR LINEAR LINEAR LINEAR LINEAR LINEAR LINEAR LINEAR
LINEAR LINEAR LINEAR LINEAR LINEAR LINEAR LINEAR LINEAR LINEAR LINEAR LINEAR LINEAR
LINEAR LINEAR LINEAR LINEAR LINEAR LINEAR LINEAR LINEAR LINEAR LINEAR LINEAR LINEAR
LINEAR LINEAR LINEAR LINEAR LINEAR LINEAR LINEAR LINEAR LINEAR LINEAR LINEAR LINEAR
LINEAR LINEAR LINEAR LINEAR LINEAR LINEAR LINEAR LINEAR LINEAR LINEAR LINEAR LINEAR</Name_array>
        <technique_common>
          <accessor source="#mixamorig_Spine-Interpolations-array" count="107">
            <param type="name"/>
          </accessor>
        </technique_common>
      </source>
      <sampler id="mixamorig_Spine-Matrix-animation-transform">
        <input semantic="INPUT" source="#mixamorig_Spine-Matrix-animation-input"/>
        <input semantic="OUTPUT" source="#mixamorig_Spine-Matrix-animation-output-transform"/>
        <input semantic="INTERPOLATION" source="#mixamorig_Spine-Interpolations"/>
      </sampler>
      <channel source="#mixamorig_Spine-Matrix-animation-transform" target="mixamorig_Spine/matrix"/>
    </animation>
    <animation id="mixamorig_Spine1-anim" name="mixamorig_Spine1">
      <source id="mixamorig_Spine1-Matrix-animation-input">
        <float_array id="mixamorig_Spine1-Matrix-animation-input-array" count="107">

0.000000 0.033333 0.066667 0.100000 0.133333 0.166667 0.200000 0.233333 0.266667 0.300000 0.333333 0.366667 0.400000 0.433333 0.466667 0.500000
0.533333 0.566667 0.600000 0.633333 0.666667 0.700000 0.733333 0.766667 0.800000 0.833333 0.866667 0.900000 0.933333 0.966667 1.000000 1.033333
1.066667 1.100000 1.133333 1.166667 1.200000 1.233333 1.266667 1.300000 1.333333 1.366667 1.400000 1.433333 1.466667 1.500000 1.533333 1.566667
