<?xml version="1.0" encoding="utf-8"?>
<COLLADA xmlns="http://www.collada.org/2005/11/COLLADASchema" version="1.4.1">
  <asset>
    <contributor>
      <author>Mixamo</author>
      <authoring_tool>COLLADA Mixamo exporter</authoring_tool>
      <comments/>
    </contributor>
    <created>2024-03-06T18:44:12Z</created>
    <modified>2024-03-06T18:44:12Z</modified>
    <revision/>
    <title/>
    <unit meter="0.010000"/>
    <up_axis>Y_UP</up_axis>
  </asset>
  <library_animations>
    <animation id="mixamorig_Hips-anim" name="mixamorig_Hips">
      <source id="mixamorig_Hips-Matrix-animation-input">
        <float_array id="mixamorig_Hips-Matrix-animation-input-array" count="16">

0.000000 0.033333 0.066667 0.100000 0.133333 0.166667 0.200000 0.233333 0.266667 0.300000 0.333333 0.366667 0.400000 0.433333 0.466667 0.500000</float_array>
        <technique_common>
          <accessor source="#mixamorig_Hips-Matrix-animation-input-array" count="16">
            <param name="TIME" type="float"/>
          </accessor>
        </technique_common>
      </source>
      <source id="mixamorig_Hips-Matrix-animation-output-transform">
        <float_array id="mixamorig_Hips-Matrix-animation-output-transform-array" count="256">

0.962760 -0.002103 -0.270350 -0.002214 -0.021616 0.996170 -0.084728 99.405205 0.269492 0.087416 0.959027 -0.004815 0.000000 0.000000 0.000000 1.000000
0.966330 -0.005331 -0.257250 -0.078633 -0.018639 0.995708 -0.090651 99.300591 0.256629 0.092394 0.962084 -0.095596 0.000000 0.000000 0.000000 1.000000
0.976734 -0.004840 -0.214400 -0.157074 -0.014824 0.995830 -0.090013 98.973389 0.213942 0.091097 0.972589 -0.249760 0.000000 0.000000 0.000000 1.000000
0.989697 -0.001416 -0.143167 -0.341849 -0.012137 0.995522 -0.093750 98.084648 0.142659 0.094522 0.985248 -0.679887 0.000000 0.000000 0.000000 1.000000
0.998770 0.007912 -0.048941 -0.735718 -0.013008 0.994418 -0.104706 96.367889 0.047839 0.105214 0.993298 -1.464310 0.000000 0.000000 0.000000 1.000000
0.997309 0.018415 0.070959 -1.392993 -0.010251 0.993456 -0.113750 94.009827 -0.072589 0.112717 0.990972 -2.292676 0.000000 0.000000 0.000000 1.000000
0.972456 0.026146 0.231614 -2.532720 0.002549 0.992436 -0.122735 90.906403 -0.233071 0.119945 0.965034 -2.980161 0.000000 0.000000 0.000000 1.000000
0.913142 0.025255 0.406859 -3.936896 0.034125 0.989840 -0.138032 87.835129 -0.406211 0.139927 0.903002 -3.426491 0.000000 0.000000 0.000000 1.000000
0.837530 0.045731 0.544474 -5.343146 0.058651 0.983209 -0.172800 85.124603 -0.543234 0.176659 0.820785 -3.456237 0.000000 0.000000 0.000000 1.000000
0.778723 0.051814 0.625225 -6.464511 0.074434 0.981914 -0.174081 83.104736 -0.622937 0.182099 0.760782 -3.333142 0.000000 0.000000 0.000000 1.000000
0.744477 0.044137 0.666187 -7.300156 0.080365 0.984633 -0.155044 81.426193 -0.662793 0.168965 0.729490 -3.161385 0.000000 0.000000 0.000000 1.000000
0.719300 0.051301 0.692803 -7.909667 0.074357 0.985855 -0.150202 80.052017 -0.690708 0.159555 0.705311 -2.932740 0.000000 0.000000 0.000000 1.000000
0.698090 0.059861 0.713504 -8.409753 0.063266 0.987445 -0.144743 78.903358 -0.713210 0.146184 0.685538 -2.755422 0.000000 0.000000 0.000000 1.000000
0.685964 0.062982 0.724905 -8.884509 0.053663 0.989155 -0.136722 77.958633 -0.725654 0.132687 0.675144 -2.631413 0.000000 0.000000 0.000000 1.000000
0.683143 0.065238 0.727365 -9.381281 0.043973 0.990520 -0.130140 77.162354 -0.728959 0.120889 0.673798 -2.557359 0.000000 0.000000 0.000000 1.000000
0.683427 0.068079 0.726838 -9.869957 0.033381 0.991686 -0.124273 76.448502 -0.729256 0.109194 0.675472 -2.489799 0.000000 0.000000 0.000000 1.000000</float_array>
        <technique_common>
          <accessor source="#mixamorig_Hips-Matrix-animation-output-transform-array" count="16" stride="16">
            <param type="float4x4"/>
          </accessor>
        </technique_common>
      </source>
      <source id="mixamorig_Hips-Interpolations">
        <Name_array id="mixamorig_Hips-Interpolations-array" count="16">
 LINEAR LINEAR LINEAR LINEAR LINEAR LINEAR LINEAR LINEAR LINEAR LINEAR LINEAR
LINEAR LINEAR LINEAR LINEAR LINEAR</Name_array>
        <technique_common>
          <accessor source="#mixamorig_Hips-Interpolations-array" count="16">
            <param type="name"/>
          </accessor>
        </technique_common>
      </source>
      <sampler id="mixamorig_Hips-Matrix-animation-transform">
        <input semantic="INPUT" source="#mixamorig_Hips-Matrix-animation-input"/>
        <input semantic="OUTPUT" source="#mixamorig_Hips-Matrix-animation-output-transform"/>
        <input semantic="INTERPOLATION" source="#mixamorig_Hips-Interpolations"/>
      </sampler>
      <channel source="#mixamorig_Hips-Matrix-animation-transform" target="mixamorig_Hips/matrix"/>
    </animation>
    <animation id="mixamorig_Spine-anim" name="mixamorig_Spine">
      <source id="mixamorig_Spine-Matrix-animation-input">
        <float_array id="mixamorig_Spine-Matrix-animation-input-array" count="16">

0.000000 0.033333 0.066667 0.100000 0.133333 0.166667 0.200000 0.233333 0.266667 0.300000 0.333333 0.366667 0.400000 0.433333 0.466667 0.500000</float_array>
        <technique_common>
          <accessor source="#mixamorig_Spine-Matrix-animation-input-array" count="16">
            <param name="TIME" type="float"/>
          </accessor>
        </technique_common>
      </source>
      <source id="mixamorig_Spine-Matrix-animation-output-transform">
        <float_array id="mixamorig_Spine-Matrix-animation-output-transform-array" count="256">

0.997010 0.000050 0.077278 0.004700 0.025706 0.942839 -0.332254 5.245300 -0.072878 0.333247 0.940019 0.258800 0.000000 0.000000 0.000000 1.000000
0.998423 0.007320 0.055652 0.004700 0.012208 0.939413 -0.342570 5.245300 -0.054788 0.342709 0.937843 0.258800 0.000000 0.000000 0.000000 1.000000
0.999213 0.004863 0.039360 0.004700 0.009840 0.931026 -0.364819 5.245300 -0.038420 0.364920 0.930246 0.258800 0.000000 0.000000 0.000000 1.000000
0.999194 -0.006843 0.039563 0.004700 0.021674 0.921397 -0.388019 5.245300 -0.033798 0.388563 0.920802 0.258800 0.000000 0.000000 0.000000 1.000000
0.998348 -0.016513 0.055034 0.004700 0.037797 0.910137 -0.412581 5.245300 -0.043275 0.413979 0.909257 0.258800 0.000000 0.000000 0.000000 1.000000
0.996761 -0.029388 0.074862 0.004700 0.059402 0.896536 -0.438969 5.245300 -0.054216 0.441994 0.895378 0.258800 0.000000 0.000000 0.000000 1.000000
0.994998 -0.043760 0.089803 0.004700 0.080517 0.883407 -0.461638 5.245300 -0.059131 0.466559 0.882511 0.258800 0.000000 0.000000 0.000000 1.000000
0.996547 -0.045997 0.069124 0.004700 0.074338 0.865106 -0.496050 5.245300 -0.036983 0.499476 0.865538 0.258800 0.000000 0.000000 0.000000 1.000000
0.998247 -0.044501 0.039010 0.004700 0.058067 0.863739 -0.500583 5.245300 -0.011418 0.501971 0.864809 0.258800 0.000000 0.000000 0.000000 1.000000
0.998919 -0.040087 0.023533 0.004700 0.046462 0.845705 -0.531625 5.245300 0.001410 0.532143 0.846653 0.258800 0.000000 0.000000 0.000000 1.000000
0.999468 -0.024499 0.021514 0.004700 0.032376 0.823693 -0.566111 5.245300 -0.003852 0.566506 0.824048 0.258800 0.000000 0.000000 0.000000 1.000000
0.999662 -0.013194 0.022382 0.004700 0.023854 0.807540 -0.589330 5.245300 -0.010299 0.589665 0.807582 0.258800 0.000000 0.000000 0.000000 1.000000
0.999839 -0.015664 0.008798 0.004700 0.017807 0.799012 -0.601051 5.245300 0.002385 0.601111 0.799162 0.258800 0.000000 0.000000 0.000000 1.000000
0.999875 -0.014525 -0.006200 0.004700 0.007665 0.789577 -0.613604 5.245300 0.013808 0.613480 0.789590 0.258800 0.000000 0.000000 0.000000 1.000000
0.999742 -0.006088 -0.021902 0.004700 -0.008981 0.779321 -0.626561 5.245300 0.020883 0.626596 0.779065 0.258800 0.000000 0.000000 0.000000 1.000000
0.999253 0.005660 -0.038228 0.004700 -0.028765 0.769541 -0.637950 5.245300 0.025807 0.638573 0.769129 0.258800 0.000000 0.000000 0.000000 1.000000</float_array>
        <technique_common>
          <accessor source="#mixamorig_Spine-Matrix-animation-output-transform-array" count="16" stride="16">
            <param type="float4x4"/>
          </accessor>
        </technique_common>
      </source>
      <source id="mixamorig_Spine-Interpolations">
        <Name_array id="mixamorig_Spine-Interpolations-array" count="16">
 LINEAR LINEAR LINEAR LINEAR LINEAR LINEAR LINEAR LINEAR LINEAR LINEAR LINEAR
LINEAR LINEAR LINEAR LINEAR LINEAR</Name_array>
        <technique_common>
          <accessor source="#mixamorig_Spine-Interpolations-array" count="16">
            <param type="name"/>
          </accessor>
        </technique_common>
      </source>
      <sampler id="mixamorig_Spine-Matrix-animation-transform">
        <input semantic="INPUT" source="#mixamorig_Spine-Matrix-animation-input"/>
        <input semantic="OUTPUT" source="#mixamorig_Spine-Matrix-animation-output-transform"/>
        <input semantic="INTERPOLATION" source="#mixamorig_Spine-Interpolations"/>
      </sampler>
      <channel source="#mixamorig_Spine-Matrix-animation-transform" target="mixamorig_Spine/matrix"/>
    </animation>
    <animation id="mixamorig_Spine1-anim" name="mixamorig_Spine1">
      <source id="mixamorig_Spine1-Matrix-animation-input">
        <float_array id="mixamorig_Spine1-Matrix-animation-input-array" count="16">

0.000000 0.033333 0.066667 0.100000 0.133333 0.166667 0.200000 0.233333 0.266667 0.300000 0.333333 0.366667 0.400000 0.433333 0.466667 0.500000</float_array>
        <technique_common>
          <accessor source="#mixamorig_Spine1-Matrix-animation-input-array" count="16">
            <param name="TIME" type="float"/>
          </accessor>
        </technique_common>
      </source>
      <source id="mixamorig_Spine1-Matrix-animation-output-transform">
        <float_array id="mixamorig_Spine1-Matrix-animation-output-transform-array" count="256">

0.999658 0.011649 0.023412 -0.000000 -0.011802 0.999910 0.006385 11.066900 -0.023335 -0.006659 0.999706 -0.000000 0.000000 0.000000 0.000000 1.000000
0.999313 0.010400 0.035584 0.000000 -0.010983 0.999808 0.016235 11.066900 -0.035408 -0.016615 0.999235 -0.000000 0.000000 0.000000 0.000000 1.000000
0.998803 0.011321 0.047580 -0.000000 -0.012534 0.999602 0.025265 11.066900 -0.047275 -0.025831 0.998548 0.000000 0.000000 0.000000 0.000000 1.000000
0.997937 0.015379 0.062336 0.000000 -0.017322 0.999377 0.030751 11.066900 -0.061824 -0.031767 0.997581 0.000000 0.000000 0.000000 0.000000 1.000000
0.996735 0.016845 0.078968 0.000000 -0.019715 0.999168 0.035703 11.066900 -0.078301 -0.037143 0.996238 0.000000 0.000000 0.000000 0.000000 1.000000
0.995348 0.017589 0.094723 0.000000 -0.021840 0.998791 0.044030 11.066900 -0.093834 -0.045894 0.994530 0.000000 0.000000 0.000000 0.000000 1.000000
0.993840 0.021221 0.108776 -0.000000 -0.027359 0.998098 0.055245 11.066900 -0.107397 -0.057881 0.992530 0.000000 0.000000 0.000000 0.000000 1.000000
0.992717 0.027679 0.117246 0.000000 -0.035671 0.997140 0.066624 11.066900 -0.115066 -0.070321 0.990866 0.000000 0.000000 0.000000 0.000000 1.000000
0.991777 0.027086 0.125083 0.000000 -0.036984 0.996306 0.077499 11.066900 -0.122521 -0.081488 0.989115 0.000000 0.000000 0.000000 0.000000 1.000000
0.990480 0.025222 0.135328 0.000000 -0.037639 0.995231 0.089994 11.066900 -0.132413 -0.094231 0.986705 0.000000 0.000000 0.000000 0.000000 1.000000
0.988729 0.021711 0.148130 0.000000 -0.036397 0.994602 0.097169 11.066900 -0.145221 -0.101466 0.984183 0.000000 0.000000 0.000000 0.000000 1.000000
0.986357 0.014874 0.163946 -0.000000 -0.033489 0.993214 0.111373 11.066900 -0.161177 -0.115343 0.980162 0.000000 0.000000 0.000000 0.000000 1.000000
0.984443 0.010507 0.175389 -0.000000 -0.031859 0.992338 0.119376 11.066900 -0.172791 -0.123107 0.977235 0.000000 0.000000 0.000000 0.000000 1.000000
0.982388 0.005333 0.186774 -0.000000 -0.029630 0.991391 0.127542 11.066900 -0.184486 -0.130830 0.974089 0.000000 0.000000 0.000000 0.000000 1.000000
0.980016 -0.000063 0.198917 0.000000 -0.027609 0.990278 0.136335 11.066900 -0.196992 -0.139102 0.970487 0.000000 0.000000 0.000000 0.000000 1.000000
0.977416 -0.006096 0.211235 0.000000 -0.025192 0.989095 0.145106 11.066900 -0.209816 -0.147151 0.966604 0.000000 0.000000 0.000000 0.000000 1.000000</float_array>
        <technique_common>
          <accessor source="#mixamorig_Spine1-Matrix-animation-output-transform-array" count="16" stride="16">
            <param type="float4x4"/>
          </accessor>
        </technique_common>
      </source>
      <source id="mixamorig_Spine1-Interpolations">
        <Name_array id="mixamorig_Spine1-Interpolations-array" count="16">
 LINEAR LINEAR LINEAR LINEAR LINEAR LINEAR LINEAR LINEAR LINEAR LINEAR LINEAR
LINEAR LINEAR LINEAR LINEAR LINEAR</Name_array>
        <technique_common>
          <accessor source="#mixamorig_Spine1-Interpolations-array" count="16">
            <param type="name"/>
          </accessor>
        </technique_common>
      </source>
      <sampler id="mixamorig_Spine1-Matrix-animation-transform">
        <input semantic="INPUT" source="#mixamorig_Spine1-Matrix-animation-input"/>
        <input semantic="OUTPUT" source="#mixamorig_Spine1-Matrix-animation-output-transform"/>
        <input semantic="INTERPOLATION" source="#mixamorig_Spine1-Interpolations"/>
      </sampler>
      <channel source="#mixamorig_Spine1-Matrix-animation-transform" target="mixamorig_Spine1/matrix"/>
    </animation>
    <animation id="mixamorig_Spine2-anim" name="mixamorig_Spine2">
      <source id="mixamorig_Spine2-Matrix-animation-input">
        <float_array id="mixamorig_Spine2-Matrix-animation-input-array" count="16">

0.000000 0.033333 0.066667 0.100000 0.133333 0.166667 0.200000 0.233333 0.266667 0.300000 0.333333 0.366667 0.400000 0.433333 0.466667 0.500000</float_array>
        <technique_common>
          <accessor source="#mixamorig_Spine2-Matrix-animation-input-array" count="16">
            <param name="TIME" type="float"/>
          </accessor>
        </technique_common>
      </source>
      <source id="mixamorig_Spine2-Matrix-animation-output-transform">
        <float_array id="mixamorig_Spine2-Matrix-animation-output-transform-array" count="256">

0.999628 0.014760 0.022928 0.000000 -0.009955 0.980335 -0.197089 8.141900 -0.025387 0.196787 0.980118 0.000000 0.000000 0.000000 0.000000 1.000000
0.999278 0.014526 0.035097 -0.000000 -0.007727 0.982409 -0.186581 8.141900 -0.037190 0.186175 0.981813 0.000000 0.000000 0.000000 0.000000 1.000000
0.998771 0.016484 0.046745 -0.000000 -0.007962 0.984189 -0.176941 8.141900 -0.048922 0.176352 0.983111 0.000000 0.000000 0.000000 0.000000 1.000000
0.997912 0.022207 0.060652 0.000000 -0.011535 0.985213 -0.170947 8.141900 -0.063552 0.169890 0.983412 0.000000 0.000000 0.000000 0.000000 1.000000
0.996708 0.025744 0.076878 0.000000 -0.012692 0.986100 -0.165665 8.141900 -0.080074 0.164144 0.983181 0.000000 0.000000 0.000000 0.000000 1.000000
0.995309 0.028251 0.092529 0.000000 -0.013415 0.987476 -0.157197 8.141900 -0.095811 0.155218 0.983223 0.000000 0.000000 0.000000 0.000000 1.000000
0.993782 0.032987 0.106344 0.000000 -0.017217 0.989144 -0.145938 8.141900 -0.110004 0.143200 0.983561 -0.000000 0.000000 0.000000 0.000000 1.000000
0.992666 0.039184 0.114364 0.000000 -0.023646 0.990674 -0.134186 8.141900 -0.118555 0.130498 0.984335 0.000000 0.000000 0.000000 0.000000 1.000000
0.991715 0.038111 0.122673 0.000000 -0.022992 0.992217 -0.122380 8.141900 -0.126382 0.118546 0.984873 0.000000 0.000000 0.000000 0.000000 1.000000
0.990378 0.036634 0.133452 -0.000000 -0.022097 0.993815 -0.108823 8.141900 -0.136613 0.104827 0.985063 0.000000 0.000000 0.000000 0.000000 1.000000
0.988567 0.033890 0.146926 0.000000 -0.019160 0.994749 -0.100537 8.141900 -0.149562 0.096573 0.984025 0.000000 0.000000 0.000000 0.000000 1.000000
0.986126 0.029336 0.163385 0.000000 -0.015567 0.996266 -0.084926 8.141900 -0.165266 0.081204 0.982900 0.000000 0.000000 0.000000 0.000000 1.000000
0.984199 0.025945 0.175155 0.000000 -0.012894 0.997082 -0.075245 8.141900 -0.176596 0.071798 0.981661 -0.000000 0.000000 0.000000 0.000000 1.000000
0.982137 0.021880 0.186889 -0.000000 -0.009807 0.997819 -0.065279 8.141900 -0.187910 0.062280 0.980210 0.000000 0.000000 0.000000 0.000000 1.000000
0.979768 0.018000 0.199325 -0.000000 -0.007232 0.998481 -0.054616 8.141900 -0.200005 0.052069 0.978410 0.000000 0.000000 0.000000 0.000000 1.000000
0.977185 0.013678 0.211951 0.000000 -0.004467 0.999027 -0.043876 8.141900 -0.212345 0.041928 0.976295 0.000000 0.000000 0.000000 0.000000 1.000000</float_array>
        <technique_common>
          <accessor source="#mixamorig_Spine2-Matrix-animation-output-transform-array" count="16" stride="16">
            <param type="float4x4"/>
          </accessor>
        </technique_common>
      </source>
      <source id="mixamorig_Spine2-Interpolations">
        <Name_array id="mixamorig_Spine2-Interpolations-array" count="16">
 LINEAR LINEAR LINEAR LINEAR LINEAR LINEAR LINEAR LINEAR LINEAR LINEAR LINEAR
LINEAR LINEAR LINEAR LINEAR LINEAR</Name_array>
        <technique_common>
          <accessor source="#mixamorig_Spine2-Interpolations-array" count="16">
            <param type="name"/>
          </accessor>
        </technique_common>
      </source>
      <sampler id="mixamorig_Spine2-Matrix-animation-transform">
        <input semantic="INPUT" source="#mixamorig_Spine2-Matrix-animation-input"/>
        <input semantic="OUTPUT" source="#mixamorig_Spine2-Matrix-animation-output-transform"/>
        <input semantic="INTERPOLATION" source="#mixamorig_Spine2-Interpolations"/>
      </sampler>
      <channel source="#mixamorig_Spine2-Matrix-animation-transform" target="mixamorig_Spine2/matrix"/>
    </animation>
    <animation id="mixamorig_Neck-anim" name="mixamorig_Neck">
      <source id="mixamorig_Neck-Matrix-animation-input">
        <float_array id="mixamorig_Neck-Matrix-animation-input-array" count="16">

0.000000 0.033333 0.066667 0.100000 0.133333 0.166667 0.200000 0.233333 0.266667 0.300000 0.333333 0.366667 0.400000 0.433333 0.466667 0.500000</float_array>
        <technique_common>
          <accessor source="#mixamorig_Neck-Matrix-animation-input-array" count="16">
            <param name="TIME" type="float"/>
          </accessor>
        </technique_common>
      </source>
      <source id="mixamorig_Neck-Matrix-animation-output-transform">
        <float_array id="mixamorig_Neck-Matrix-animation-output-transform-array" count="256">

0.999013 -0.039858 0.019593 -0.112200 0.034587 0.974937 0.219775 18.919500 -0.027862 -0.218881 0.975354 -3.736100 0.000000 0.000000 0.000000 1.000000
0.998855 -0.047417 0.006365 -0.112200 0.044776 0.973384 0.224763 18.919500 -0.016853 -0.224221 0.974393 -3.736100 0.000000 0.000000 0.000000 1.000000
0.998487 -0.053599 -0.012317 -0.112200 0.054992 0.970141 0.236225 18.919500 -0.000712 -0.236545 0.971620 -3.736100 0.000000 0.000000 0.000000 1.000000
0.997123 -0.063319 -0.041675 -0.112200 0.071784 0.965387 0.250748 18.919500 0.024356 -0.253018 0.967155 -3.736100 0.000000 0.000000 0.000000 1.000000
0.995263 -0.053275 -0.081324 -0.112200 0.074459 0.955550 0.285273 18.919500 0.062511 -0.289977 0.954990 -3.736100 0.000000 0.000000 0.000000 1.000000
0.992217 -0.019663 -0.122955 -0.112200 0.056204 0.951861 0.301334 18.919500 0.111111 -0.305899 0.945558 -3.736100 0.000000 0.000000 0.000000 1.000000
0.984468 0.002449 -0.175548 -0.112200 0.048039 0.957985 0.282768 18.919500 0.168865 -0.286809 0.942987 -3.736100 0.000000 0.000000 0.000000 1.000000
0.976129 0.013145 -0.216791 -0.112200 0.058784 0.944921 0.321977 18.919500 0.209083 -0.327035 0.921592 -3.736100 0.000000 0.000000 0.000000 1.000000
0.968882 0.000993 -0.247519 -0.112200 0.086572 0.935475 0.342626 18.919500 0.231888 -0.353393 0.906279 -3.736100 0.000000 0.000000 0.000000 1.000000
0.963909 0.007096 -0.266137 -0.112200 0.086474 0.937100 0.338182 18.919500 0.251796 -0.348990 0.902665 -3.736100 0.000000 0.000000 0.000000 1.000000
0.951187 -0.014807 -0.308261 -0.112200 0.115491 0.943348 0.311055 18.919500 0.286192 -0.331473 0.899011 -3.736100 0.000000 0.000000 0.000000 1.000000
0.952444 -0.030198 -0.303215 -0.112200 0.126938 0.943945 0.304720 18.919500 0.277016 -0.328718 0.902888 -3.736100 0.000000 0.000000 0.000000 1.000000
0.943259 -0.061228 -0.326363 -0.112200 0.152287 0.953163 0.261321 18.919500 0.295077 -0.296194 0.908404 -3.736100 0.000000 0.000000 0.000000 1.000000
0.944162 -0.059648 -0.324038 -0.112200 0.149579 0.953886 0.260246 18.919500 0.293572 -0.294183 0.909545 -3.736100 0.000000 0.000000 0.000000 1.000000
0.942263 -0.073287 -0.326756 -0.112200 0.160514 0.955205 0.248632 18.919500 0.293898 -0.286726 0.911818 -3.736100 0.000000 0.000000 0.000000 1.000000
0.938437 -0.082805 -0.335379 -0.112200 0.169341 0.956467 0.237686 18.919500 0.301097 -0.279847 0.911606 -3.736100 0.000000 0.000000 0.000000 1.000000</float_array>
        <technique_common>
          <accessor source="#mixamorig_Neck-Matrix-animation-output-transform-array" count="16" stride="16">
            <param type="float4x4"/>
          </accessor>
        </technique_common>
      </source>
      <source id="mixamorig_Neck-Interpolations">
        <Name_array id="mixamorig_Neck-Interpolations-array" count="16">
 LINEAR LINEAR LINEAR LINEAR LINEAR LINEAR LINEAR LINEAR LINEAR LINEAR LINEAR
LINEAR LINEAR LINEAR LINEAR LINEAR</Name_array>
        <technique_common>
          <accessor source="#mixamorig_Neck-Interpolations-array" count="16">
            <param type="name"/>
          </accessor>
        </technique_common>
      </source>
      <sampler id="mixamorig_Neck-Matrix-animation-transform">
        <input semantic="INPUT" source="#mixamorig_Neck-Matrix-animation-input"/>
        <input semantic="OUTPUT" source="#mixamorig_Neck-Matrix-animation-output-transform"/>
        <input semantic="INTERPOLATION" source="#mixamorig_Neck-Interpolations"/>
      </sampler>
      <channel source="#mixamorig_Neck-Matrix-animation-transform" target="mixamorig_Neck/matrix"/>
    </animation>
    <animation id="mixamorig_Head-anim" name="mixamorig_Head">
      <source id="mixamorig_Head-Matrix-animation-input">
        <float_array id="mixamorig_Head-Matrix-animation-input-array" count="16">

0.000000 0.033333 0.066667 0.100000 0.133333 0.166667 0.200000 0.233333 0.266667 0.300000 0.333333 0.366667 0.400000 0.433333 0.466667 0.500000</float_array>
        <technique_common>
          <accessor source="#mixamorig_Head-Matrix-animation-input-array" count="16">
            <param name="TIME" type="float"/>
          </accessor>
        </technique_common>
      </source>
      <source id="mixamorig_Head-Matrix-animation-output-transform">
        <float_array id="mixamorig_Head-Matrix-animation-output-transform-array" count="256">

0.989033 0.057017 0.136242 -0.000000 -0.088931 0.966406 0.241146 8.673000 -0.117916 -0.250617 0.960878 3.319300 0.000000 0.000000 0.000000 1.000000
0.990596 0.067160 0.119201 -0.000000 -0.094161 0.966731 0.237835 8.673000 -0.099262 -0.246822 0.963964 3.319300 0.000000 0.000000 0.000000 1.000000
0.993574 0.075808 0.084052 0.000000 -0.093880 0.966767 0.237800 8.673000 -0.063232 -0.244163 0.967671 3.319300 0.000000 0.000000 0.000000 1.000000
0.995933 0.087841 0.020014 -0.000000 -0.090040 0.962889 0.254434 8.673000 0.003079 -0.255202 0.966883 3.319300 0.000000 0.000000 0.000000 1.000000
0.993406 0.083925 -0.078114 0.000000 -0.060480 0.962393 0.264843 8.673000 0.097404 -0.258372 0.961122 3.319300 0.000000 0.000000 0.000000 1.000000
0.975634 0.065890 -0.209277 0.000000 -0.004554 0.959717 0.280932 8.673000 0.219357 -0.273134 0.936632 3.319300 0.000000 0.000000 0.000000 1.000000
0.932093 0.060154 -0.357188 0.000000 0.062287 0.944807 0.321652 8.673000 0.356823 -0.322058 0.876901 3.319300 0.000000 0.000000 0.000000 1.000000
0.876915 0.071378 -0.475316 0.000000 0.101269 0.939274 0.327884 8.673000 0.469856 -0.335661 0.816436 3.319300 0.000000 0.000000 0.000000 1.000000
0.837387 0.098635 -0.537637 0.000000 0.111229 0.932257 0.344276 8.673000 0.535173 -0.348093 0.769689 3.319300 0.000000 0.000000 0.000000 1.000000
0.812770 0.094688 -0.574839 0.000000 0.138267 0.927160 0.348220 8.673000 0.565940 -0.362504 0.740475 3.319300 0.000000 0.000000 0.000000 1.000000
0.816538 0.089445 -0.570321 -0.000000 0.150861 0.920533 0.360360 8.673000 0.557232 -0.380287 0.738156 3.319300 0.000000 0.000000 0.000000 1.000000
0.793076 0.110259 -0.599060 0.000000 0.137038 0.925972 0.351848 8.673000 0.593507 -0.361136 0.719257 3.319300 0.000000 0.000000 0.000000 1.000000
0.802045 0.125379 -0.583955 -0.000000 0.128157 0.918817 0.373297 8.673000 0.583351 -0.374239 0.720865 3.319300 0.000000 0.000000 0.000000 1.000000
0.794606 0.141187 -0.590481 0.000000 0.102791 0.927258 0.360037 8.673000 0.598360 -0.346784 0.722292 3.319300 0.000000 0.000000 0.000000 1.000000
0.793160 0.162759 -0.586862 0.000000 0.078466 0.928285 0.363497 8.673000 0.603938 -0.334360 0.723507 3.319300 0.000000 0.000000 0.000000 1.000000
0.786912 0.172822 -0.592369 0.000000 0.070918 0.928289 0.365034 8.673000 0.612976 -0.329259 0.718226 3.319300 0.000000 0.000000 0.000000 1.000000</float_array>
        <technique_common>
          <accessor source="#mixamorig_Head-Matrix-animation-output-transform-array" count="16" stride="16">
            <param type="float4x4"/>
          </accessor>
        </technique_common>
      </source>
      <source id="mixamorig_Head-Interpolations">
        <Name_array id="mixamorig_Head-Interpolations-array" count="16">
 LINEAR LINEAR LINEAR LINEAR LINEAR LINEAR LINEAR LINEAR LINEAR LINEAR LINEAR
LINEAR LINEAR LINEAR LINEAR LINEAR</Name_array>
        <technique_common>
          <accessor source="#mixamorig_Head-Interpolations-array" count="16">
            <param type="name"/>
          </accessor>
        </technique_common>
      </source>
      <sampler id="mixamorig_Head-Matrix-animation-transform">
        <input semantic="INPUT" source="#mixamorig_Head-Matrix-animation-input"/>
        <input semantic="OUTPUT" source="#mixamorig_Head-Matrix-animation-output-transform"/>
        <input semantic="INTERPOLATION" source="#mixamorig_Head-Interpolations"/>
      </sampler>
      <channel source="#mixamorig_Head-Matrix-animation-transform" target="mixamorig_Head/matrix"/>
    </animation>
    <animation id="mixamorig_LeftShoulder-anim" name="mixamorig_LeftShoulder">
      <source id="mixamorig_LeftShoulder-Matrix-animation-input">
        <float_array id="mixamorig_LeftShoulder-Matrix-animation-input-array" count="16">

0.000000 0.033333 0.066667 0.100000 0.133333 0.166667 0.200000 0.233333 0.266667 0.300000 0.333333 0.366667 0.400000 0.433333 0.466667 0.500000</float_array>
        <technique_common>
          <accessor source="#mixamorig_LeftShoulder-Matrix-animation-input-array" count="16">
            <param name="TIME" type="float"/>
          </accessor>
        </technique_common>
      </source>
      <source id="mixamorig_LeftShoulder-Matrix-animation-output-transform">
        <float_array id="mixamorig_LeftShoulder-Matrix-animation-output-transform-array" count="256">

0.352800 0.935570 -0.015508 6.339200 0.126329 -0.064047 -0.989919 14.952900 -0.927132 0.347284 -0.140785 -4.642900 0.000000 0.000000 0.000000 1.000000
0.387780 0.921307 -0.028638 6.339200 0.088502 -0.068140 -0.993743 14.952900 -0.917493 0.382819 -0.107961 -4.642900 0.000000 0.000000 0.000000 1.000000
0.421741 0.905899 -0.038490 6.339200 0.054356 -0.067633 -0.996228 14.952900 -0.905085 0.418059 -0.077765 -4.642900 0.000000 0.000000 0.000000 1.000000
0.461331 0.886730 -0.029727 6.339200 0.026038 -0.047023 -0.998554 14.952900 -0.886846 0.459891 -0.044782 -4.642900 0.000000 0.000000 0.000000 1.000000
0.494364 0.869255 -0.000503 6.339200 0.006849 -0.004473 -0.999967 14.952900 -0.869228 0.494344 -0.008165 -4.642900 0.000000 0.000000 0.000000 1.000000
0.548058 0.835879 0.030628 6.339200 -0.008226 0.042002 -0.999084 14.952900 -0.836400 0.547304 0.029895 -4.642900 0.000000 0.000000 0.000000 1.000000
0.623767 0.777199 0.082922 6.339200 -0.010024 0.114037 -0.993426 14.952900 -0.781546 0.618835 0.078924 -4.642900 0.000000 0.000000 0.000000 1.000000
0.637024 0.747263 0.189204 6.339200 0.020617 0.228846 -0.973244 14.952900 -0.770568 0.623881 0.130374 -4.642900 0.000000 0.000000 0.000000 1.000000
0.628989 0.720084 0.293003 6.339200 0.056437 0.333606 -0.941022 14.952900 -0.775363 0.608429 0.169195 -4.642900 0.000000 0.000000 0.000000 1.000000
0.624546 0.694611 0.357011 6.339200 0.077900 0.399442 -0.913443 14.952900 -0.777093 0.598299 0.195360 -4.642900 0.000000 0.000000 0.000000 1.000000
0.643482 0.601937 0.472866 6.339200 0.161116 0.497408 -0.852424 14.952900 -0.748313 0.624706 0.223092 -4.642900 0.000000 0.000000 0.000000 1.000000
0.601593 0.626783 0.495205 6.339200 0.138704 0.528552 -0.837493 14.952900 -0.786668 0.572517 0.231036 -4.642900 0.000000 0.000000 0.000000 1.000000
0.612726 0.594127 0.521133 6.339200 0.157610 0.554303 -0.817256 14.952900 -0.774420 0.582890 0.245995 -4.642900 0.000000 0.000000 0.000000 1.000000
0.657683 0.558733 0.505243 6.339200 0.165282 0.547334 -0.820431 14.952900 -0.734939 0.623091 0.267624 -4.642900 0.000000 0.000000 0.000000 1.000000
0.704022 0.521272 0.482316 6.339200 0.171379 0.534374 -0.827691 14.952900 -0.689190 0.665372 0.286876 -4.642900 0.000000 0.000000 0.000000 1.000000
0.742370 0.484640 0.462613 6.339200 0.178668 0.522271 -0.833853 14.952900 -0.645728 0.701681 0.301129 -4.642900 0.000000 0.000000 0.000000 1.000000</float_array>
        <technique_common>
          <accessor source="#mixamorig_LeftShoulder-Matrix-animation-output-transform-array" count="16" stride="16">
            <param type="float4x4"/>
          </accessor>
        </technique_common>
      </source>
      <source id="mixamorig_LeftShoulder-Interpolations">
        <Name_array id="mixamorig_LeftShoulder-Interpolations-array" count="16">
 LINEAR LINEAR LINEAR LINEAR LINEAR LINEAR LINEAR LINEAR LINEAR LINEAR LINEAR
LINEAR LINEAR LINEAR LINEAR LINEAR</Name_array>
        <technique_common>
          <accessor source="#mixamorig_LeftShoulder-Interpolations-array" count="16">
            <param type="name"/>
          </accessor>
        </technique_common>
      </source>
      <sampler id="mixamorig_LeftShoulder-Matrix-animation-transform">
        <input semantic="INPUT" source="#mixamorig_LeftShoulder-Matrix-animation-input"/>
        <input semantic="OUTPUT" source="#mixamorig_LeftShoulder-Matrix-animation-output-transform"/>
        <input semantic="INTERPOLATION" source="#mixamorig_LeftShoulder-Interpolations"/>
      </sampler>
      <channel source="#mixamorig_LeftShoulder-Matrix-animation-transform" target="mixamorig_LeftShoulder/matrix"/>
    </animation>
    <animation id="mixamorig_LeftArm-anim" name="mixamorig_LeftArm">
      <source id="mixamorig_LeftArm-Matrix-animation-input">
        <float_array id="mixamorig_LeftArm-Matrix-animation-input-array" count="16">

0.000000 0.033333 0.066667 0.100000 0.133333 0.166667 0.200000 0.233333 0.266667 0.300000 0.333333 0.366667 0.400000 0.433333 0.466667 0.500000</float_array>
        <technique_common>
          <accessor source="#mixamorig_LeftArm-Matrix-animation-input-array" count="16">
            <param name="TIME" type="float"/>
          </accessor>
        </technique_common>
      </source>
      <source id="mixamorig_LeftArm-Matrix-animation-output-transform">
        <float_array id="mixamorig_LeftArm-Matrix-animation-output-transform-array" count="256">

0.830971 -0.556280 0.006377 0.000000 0.160274 0.228409 -0.960282 9.143700 0.532729 0.798988 0.278958 -0.000000 0.000000 0.000000 0.000000 1.000000
0.861942 -0.506820 -0.013759 0.000000 0.123372 0.235986 -0.963893 9.143700 0.491768 0.829122 0.265933 0.000000 0.000000 0.000000 0.000000 1.000000
0.875235 -0.482087 -0.039448 -0.000000 0.108787 0.275655 -0.955081 9.143700 0.471306 0.831629 0.293708 0.000000 0.000000 0.000000 0.000000 1.000000
0.876863 -0.477581 -0.055023 0.000000 0.122730 0.333049 -0.934888 9.143700 0.464810 0.813016 0.350652 -0.000000 0.000000 0.000000 0.000000 1.000000
0.863269 -0.500290 -0.066904 0.000000 0.158617 0.394726 -0.905004 9.143700 0.479173 0.770650 0.420109 0.000000 0.000000 0.000000 0.000000 1.000000
0.838231 -0.524781 -0.148238 0.000000 0.176302 0.518036 -0.836993 9.143700 0.516030 0.675458 0.526753 0.000000 0.000000 0.000000 0.000000 1.000000
0.786731 -0.554065 -0.272151 0.000000 0.198059 0.644133 -0.738827 9.143700 0.584660 0.527356 0.616497 0.000000 0.000000 0.000000 0.000000 1.000000
0.602240 -0.612056 -0.512538 0.000000 0.197424 0.736268 -0.647251 9.143700 0.773518 0.288613 0.564244 0.000000 0.000000 0.000000 0.000000 1.000000
0.397633 -0.627003 -0.669892 0.000000 0.219722 0.773918 -0.593947 9.143700 0.890848 0.088982 0.445502 0.000000 0.000000 0.000000 0.000000 1.000000
0.238764 -0.604378 -0.760079 0.000000 0.224000 0.795886 -0.562485 9.143700 0.944889 -0.035957 0.325410 0.000000 0.000000 0.000000 0.000000 1.000000
0.227077 -0.499923 -0.835771 0.000000 0.153276 0.865840 -0.476264 9.143700 0.961739 -0.019955 0.273238 0.000000 0.000000 0.000000 0.000000 1.000000
0.216145 -0.554797 -0.803419 0.000000 0.186351 0.831185 -0.523837 9.143700 0.958412 -0.036493 0.283044 0.000000 0.000000 0.000000 0.000000 1.000000
0.241641 -0.515564 -0.822073 0.000000 0.126708 0.856689 -0.500028 9.143700 0.962058 0.016664 0.272337 0.000000 0.000000 0.000000 0.000000 1.000000
0.282018 -0.471711 -0.835437 0.000000 0.067297 0.878364 -0.473231 9.143700 0.957046 0.077237 0.279459 0.000000 0.000000 0.000000 0.000000 1.000000
0.329746 -0.420091 -0.845453 0.000000 0.007770 0.896718 -0.442534 9.143700 0.944038 0.139355 0.298953 -0.000000 0.000000 0.000000 0.000000 1.000000
0.367051 -0.373692 -0.851838 0.000000 -0.057193 0.904958 -0.421639 9.143700 0.928441 0.203482 0.310794 -0.000000 0.000000 0.000000 0.000000 1.000000</float_array>
        <technique_common>
          <accessor source="#mixamorig_LeftArm-Matrix-animation-output-transform-array" count="16" stride="16">
            <param type="float4x4"/>
          </accessor>
        </technique_common>
      </source>
      <source id="mixamorig_LeftArm-Interpolations">
        <Name_array id="mixamorig_LeftArm-Interpolations-array" count="16">
 LINEAR LINEAR LINEAR LINEAR LINEAR LINEAR LINEAR LINEAR LINEAR LINEAR LINEAR
LINEAR LINEAR LINEAR LINEAR LINEAR</Name_array>
        <technique_common>
          <accessor source="#mixamorig_LeftArm-Interpolations-array" count="16">
            <param type="name"/>
          </accessor>
        </technique_common>
      </source>
      <sampler id="mixamorig_LeftArm-Matrix-animation-transform">
        <input semantic="INPUT" source="#mixamorig_LeftArm-Matrix-animation-input"/>
        <input semantic="OUTPUT" source="#mixamorig_LeftArm-Matrix-animation-output-transform"/>
        <input semantic="INTERPOLATION" source="#mixamorig_LeftArm-Interpolations"/>
      </sampler>
      <channel source="#mixamorig_LeftArm-Matrix-animation-transform" target="mixamorig_LeftArm/matrix"/>
    </animation>
    <animation id="mixamorig_LeftForeArm-anim" name="mixamorig_LeftForeArm">
      <source id="mixamorig_LeftForeArm-Matrix-animation-input">
        <float_array id="mixamorig_LeftForeArm-Matrix-animation-input-array" count="16">

0.000000 0.033333 0.066667 0.100000 0.133333 0.166667 0.200000 0.233333 0.266667 0.300000 0.333333 0.366667 0.400000 0.433333 0.466667 0.500000</float_array>
        <technique_common>
          <accessor source="#mixamorig_LeftForeArm-Matrix-animation-input-array" count="16">
            <param name="TIME" type="float"/>
          </accessor>
        </technique_common>
      </source>
      <source id="mixamorig_LeftForeArm-Matrix-animation-output-transform">
        <float_array id="mixamorig_LeftForeArm-Matrix-animation-output-transform-array" count="256">

0.731376 -0.679560 0.057341 0.000000 0.681975 0.728786 -0.061495 24.573900 0.000000 0.084081 0.996459 -0.000000 0.000000 0.000000 0.000000 1.000000
0.732699 -0.679592 0.036163 0.000000 0.680553 0.731663 -0.038934 24.573900 -0.000000 0.053137 0.998587 -0.000000 0.000000 0.000000 0.000000 1.000000
0.733538 -0.678839 0.033155 -0.000000 0.679649 0.732665 -0.035783 24.573900 -0.000000 0.048782 0.998809 0.000000 0.000000 0.000000 0.000000 1.000000
0.717840 -0.694972 0.041471 -0.000000 0.696208 0.716565 -0.042759 24.573900 -0.000000 0.059566 0.998224 -0.000000 0.000000 0.000000 0.000000 1.000000
0.650081 -0.758335 0.048193 -0.000000 0.759865 0.648772 -0.041230 24.573900 -0.000000 0.063423 0.997987 0.000000 0.000000 0.000000 0.000000 1.000000
0.532591 -0.841136 0.094009 0.000000 0.846373 0.529295 -0.059156 24.573900 0.000000 0.111073 0.993812 0.000000 0.000000 0.000000 0.000000 1.000000
0.399301 -0.908528 0.123023 0.000000 0.916820 0.395690 -0.053580 24.573900 0.000000 0.134184 0.990956 0.000000 0.000000 0.000000 0.000000 1.000000
0.363681 -0.905493 0.218676 0.000000 0.931523 0.353518 -0.085375 24.573900 0.000000 0.234751 0.972056 0.000000 0.000000 0.000000 0.000000 1.000000
0.357138 -0.898362 0.255730 -0.000000 0.934052 0.343492 -0.097780 24.573900 0.000001 0.273786 0.961791 0.000000 0.000000 0.000000 0.000000 1.000000
0.386542 -0.882804 0.266914 0.000000 0.922272 0.370000 -0.111869 24.573900 0.000000 0.289409 0.957206 0.000000 0.000000 0.000000 0.000000 1.000000
0.340938 -0.913627 0.221464 0.000000 0.940086 0.331342 -0.080318 24.573900 0.000001 0.235579 0.971855 0.000000 0.000000 0.000000 0.000000 1.000000
0.384901 -0.907011 0.170828 -0.000000 0.922958 0.378251 -0.071241 24.573900 0.000000 0.185088 0.982722 -0.000000 0.000000 0.000000 0.000000 1.000000
0.370866 -0.915566 0.155556 0.000000 0.928687 0.365626 -0.062120 24.573900 -0.000000 0.167501 0.985872 -0.000000 0.000000 0.000000 0.000000 1.000000
0.353027 -0.926985 0.126768 0.000000 0.935613 0.349772 -0.047832 24.573900 0.000000 0.135492 0.990778 0.000000 0.000000 0.000000 0.000000 1.000000
0.326943 -0.939568 0.101590 0.000000 0.945044 0.325048 -0.035146 24.573900 0.000000 0.107497 0.994205 0.000000 0.000000 0.000000 0.000000 1.000000
0.293291 -0.952124 0.086257 0.000000 0.956023 0.292095 -0.026462 24.573900 0.000000 0.090224 0.995921 -0.000000 0.000000 0.000000 0.000000 1.000000</float_array>
        <technique_common>
          <accessor source="#mixamorig_LeftForeArm-Matrix-animation-output-transform-array" count="16" stride="16">
            <param type="float4x4"/>
          </accessor>
        </technique_common>
      </source>
      <source id="mixamorig_LeftForeArm-Interpolations">
        <Name_array id="mixamorig_LeftForeArm-Interpolations-array" count="16">
 LINEAR LINEAR LINEAR LINEAR LINEAR LINEAR LINEAR LINEAR LINEAR LINEAR LINEAR
LINEAR LINEAR LINEAR LINEAR LINEAR</Name_array>
        <technique_common>
          <accessor source="#mixamorig_LeftForeArm-Interpolations-array" count="16">
            <param type="name"/>
          </accessor>
        </technique_common>
      </source>
      <sampler id="mixamorig_LeftForeArm-Matrix-animation-transform">
        <input semantic="INPUT" source="#mixamorig_LeftForeArm-Matrix-animation-input"/>
        <input semantic="OUTPUT" source="#mixamorig_LeftForeArm-Matrix-animation-output-transform"/>
        <input semantic="INTERPOLATION" source="#mixamorig_LeftForeArm-Interpolations"/>
      </sampler>
      <channel source="#mixamorig_LeftForeArm-Matrix-animation-transform" target="mixamorig_LeftForeArm/matrix"/>
    </animation>
    <animation id="mixamorig_LeftHand-anim" name="mixamorig_LeftHand">
      <source id="mixamorig_LeftHand-Matrix-animation-input">
        <float_array id="mixamorig_LeftHand-Matrix-animation-input-array" count="16">

0.000000 0.033333 0.066667 0.100000 0.133333 0.166667 0.200000 0.233333 0.266667 0.300000 0.333333 0.366667 0.400000 0.433333 0.466667 0.500000</float_array>
        <technique_common>
          <accessor source="#mixamorig_LeftHand-Matrix-animation-input-array" count="16">
            <param name="TIME" type="float"/>
          </accessor>
