<?xml version="1.0" encoding="utf-8"?>
<COLLADA xmlns="http://www.collada.org/2005/11/COLLADASchema" version="1.4.1">
  <asset>
    <contributor>
      <author>Mixamo</author>
      <authoring_tool>COLLADA Mixamo exporter</authoring_tool>
      <comments/>
    </contributor>
    <created>2024-02-27T17:32:37Z</created>
    <modified>2024-02-27T17:32:37Z</modified>
    <revision/>
    <title/>
    <unit meter="0.010000"/>
    <up_axis>Y_UP</up_axis>
  </asset>
  <library_animations>
    <animation id="mixamorig_Hips-anim" name="mixamorig_Hips">
      <source id="mixamorig_Hips-Matrix-animation-input">
        <float_array id="mixamorig_Hips-Matrix-animation-input-array" count="40">

0.000000 0.033333 0.066667 0.100000 0.133333 0.166667 0.200000 0.233333 0.266667 0.300000 0.333333 0.366667 0.400000 0.433333 0.466667 0.500000
0.533333 0.566667 0.600000 0.633333 0.666667 0.700000 0.733333 0.766667 0.800000 0.833333 0.866667 0.900000 0.933333 0.966667 1.000000 1.033333
1.066667 1.100000 1.133333 1.166667 1.200000 1.233333 1.266667 1.300000</float_array>
        <technique_common>
          <accessor source="#mixamorig_Hips-Matrix-animation-input-array" count="40">
            <param name="TIME" type="float"/>
          </accessor>
        </technique_common>
      </source>
      <source id="mixamorig_Hips-Matrix-animation-output-transform">
        <float_array id="mixamorig_Hips-Matrix-animation-output-transform-array" count="640">

0.897469 -0.021683 -0.440544 -0.002138 -0.004072 0.998341 -0.057431 93.991608 0.441059 0.053337 0.895892 -0.001487 0.000000 0.000000 0.000000 1.000000
0.906946 -0.013610 -0.421026 0.275587 -0.008862 0.998640 -0.051371 93.306053 0.421153 0.050322 0.905592 0.671764 0.000000 0.000000 0.000000 1.000000
0.911796 -0.006513 -0.410592 0.541509 -0.013669 0.998839 -0.046199 92.575951 0.410417 0.047737 0.910648 1.362742 0.000000 0.000000 0.000000 1.000000
0.915560 0.000236 -0.402181 0.825694 -0.018029 0.999019 -0.040458 91.891716 0.401777 0.044293 0.914666 2.082946 0.000000 0.000000 0.000000 1.000000
0.920086 0.005901 -0.391672 1.148344 -0.020957 0.999196 -0.034177 91.371147 0.391156 0.039654 0.919470 2.749399 0.000000 0.000000 0.000000 1.000000
0.926695 0.009323 -0.375698 1.492660 -0.021074 0.999408 -0.027182 91.138176 0.375223 0.033107 0.926343 3.209926 0.000000 0.000000 0.000000 1.000000
0.934694 0.009780 -0.355319 1.838778 -0.017669 0.999664 -0.018964 91.214226 0.355015 0.024004 0.934553 3.274162 0.000000 0.000000 0.000000 1.000000
0.941814 0.006311 -0.336076 2.217068 -0.010306 0.999896 -0.010106 91.562408 0.335977 0.012981 0.941781 2.810555 0.000000 0.000000 0.000000 1.000000
0.946477 -0.002333 -0.322763 2.723396 0.001312 0.999993 -0.003382 92.137512 0.322768 0.002778 0.946474 1.857433 0.000000 0.000000 0.000000 1.000000
0.949555 -0.015708 -0.313207 3.449208 0.015729 0.999873 -0.002458 92.824127 0.313206 -0.002592 0.949682 0.622479 0.000000 0.000000 0.000000 1.000000
0.953447 -0.030367 -0.300029 4.371315 0.029086 0.999539 -0.008733 93.426414 0.300156 -0.000400 0.953890 -0.581967 0.000000 0.000000 0.000000 1.000000
0.958853 -0.041247 -0.280890 5.333078 0.037147 0.999111 -0.019907 93.802391 0.281461 0.008654 0.959534 -1.469786 0.000000 0.000000 0.000000 1.000000
0.963160 -0.045494 -0.265054 6.158948 0.038220 0.998739 -0.032537 94.006691 0.266200 0.021208 0.963684 -1.888787 0.000000 0.000000 0.000000 1.000000
0.963009 -0.044501 -0.265769 6.787977 0.033798 0.998428 -0.044712 94.173721 0.267341 0.034076 0.962999 -1.830012 0.000000 0.000000 0.000000 1.000000
0.957088 -0.042049 -0.286730 7.289671 0.027151 0.998076 -0.055740 94.369621 0.288522 0.045563 0.956389 -1.373553 0.000000 0.000000 0.000000 1.000000
0.946748 -0.041616 -0.319274 7.752315 0.021771 0.997617 -0.065478 94.502533 0.321238 0.055040 0.945398 -0.609575 0.000000 0.000000 0.000000 1.000000
0.934928 -0.044051 -0.352093 8.192653 0.019023 0.997060 -0.074230 94.439392 0.354328 0.062702 0.933017 0.358739 0.000000 0.000000 0.000000 1.000000
0.923834 -0.047530 -0.379831 8.566288 0.017712 0.996506 -0.081618 94.134956 0.382383 0.068674 0.921448 1.423505 0.000000 0.000000 0.000000 1.000000
0.913837 -0.049349 -0.403072 8.827922 0.015785 0.996155 -0.086174 93.642525 0.405775 0.072387 0.911102 2.506343 0.000000 0.000000 0.000000 1.000000
0.904266 -0.048639 -0.424189 8.966405 0.012769 0.996127 -0.086999 93.063171 0.426778 0.073254 0.901385 3.563721 0.000000 0.000000 0.000000 1.000000
0.894164 -0.046755 -0.445293 9.003450 0.009823 0.996342 -0.084889 92.502754 0.447633 0.071530 0.891352 4.558096 0.000000 0.000000 0.000000 1.000000
0.882121 -0.045462 -0.468823 8.962269 0.008215 0.996665 -0.081189 92.037422 0.470951 0.067768 0.879553 5.429032 0.000000 0.000000 0.000000 1.000000
0.866417 -0.045063 -0.497283 8.837218 0.007808 0.997020 -0.076746 91.726486 0.499260 0.062611 0.864187 6.084229 0.000000 0.000000 0.000000 1.000000
0.846431 -0.044927 -0.530601 8.582201 0.007454 0.997336 -0.072557 91.616432 0.532447 0.057460 0.844511 6.411931 0.000000 0.000000 0.000000 1.000000
0.824107 -0.044901 -0.564651 8.136244 0.006211 0.997510 -0.070257 91.719017 0.566400 0.054392 0.822334 6.294959 0.000000 0.000000 0.000000 1.000000
0.803662 -0.045207 -0.593366 7.472146 0.003522 0.997454 -0.071222 91.985657 0.595076 0.055149 0.801775 5.620183 0.000000 0.000000 0.000000 1.000000
0.789464 -0.045752 -0.612089 6.623856 -0.000749 0.997146 -0.075499 92.358765 0.613796 0.060062 0.787177 4.298899 0.000000 0.000000 0.000000 1.000000
0.784329 -0.045444 -0.618679 5.666232 -0.006637 0.996641 -0.081619 92.879143 0.620310 0.068122 0.781393 2.353288 0.000000 0.000000 0.000000 1.000000
0.789404 -0.043108 -0.612359 4.648726 -0.013520 0.996068 -0.087549 93.636192 0.613725 0.077390 0.785718 -0.010000 0.000000 0.000000 0.000000 1.000000
0.804202 -0.039391 -0.593050 3.578826 -0.019113 0.995571 -0.092045 94.609802 0.594049 0.085358 0.799887 -2.416829 0.000000 0.000000 0.000000 1.000000
0.825416 -0.036334 -0.563355 2.477282 -0.020839 0.995285 -0.094724 95.575859 0.564141 0.089926 0.820767 -4.450701 0.000000 0.000000 0.000000 1.000000
0.846593 -0.034703 -0.531108 1.432216 -0.018818 0.995296 -0.095031 96.270088 0.531908 0.090447 0.841958 -5.803702 0.000000 0.000000 0.000000 1.000000
0.861411 -0.033358 -0.506813 0.565495 -0.015867 0.995587 -0.092496 96.586243 0.507661 0.087718 0.857080 -6.377103 0.000000 0.000000 0.000000 1.000000
0.867972 -0.032393 -0.495555 -0.047851 -0.013108 0.996028 -0.088067 96.589195 0.496439 0.082935 0.864100 -6.274182 0.000000 0.000000 0.000000 1.000000
0.869740 -0.033832 -0.492349 -0.411995 -0.008757 0.996432 -0.083940 96.434868 0.493432 0.077317 0.866341 -5.694804 0.000000 0.000000 0.000000 1.000000
0.872336 -0.037812 -0.487442 -0.573769 -0.002282 0.996679 -0.081397 96.219894 0.488901 0.072118 0.869353 -4.814087 0.000000 0.000000 0.000000 1.000000
0.878636 -0.040571 -0.475765 -0.575795 0.003179 0.996859 -0.079136 95.909279 0.477481 0.068020 0.876005 -3.737392 0.000000 0.000000 0.000000 1.000000
0.887022 -0.038316 -0.460134 -0.455569 0.004333 0.997198 -0.074684 95.442886 0.461706 0.064253 0.884703 -2.534203 0.000000 0.000000 0.000000 1.000000
0.894355 -0.030723 -0.446301 -0.257482 0.000872 0.997757 -0.066938 94.825104 0.447357 0.059478 0.892376 -1.254772 0.000000 0.000000 0.000000 1.000000
0.897469 -0.021683 -0.440544 -0.002139 -0.004072 0.998341 -0.057431 93.991592 0.441059 0.053337 0.895892 -0.001489 0.000000 0.000000 0.000000 1.000000</float_array>
        <technique_common>
          <accessor source="#mixamorig_Hips-Matrix-animation-output-transform-array" count="40" stride="16">
            <param type="float4x4"/>
          </accessor>
        </technique_common>
      </source>
      <source id="mixamorig_Hips-Interpolations">
        <Name_array id="mixamorig_Hips-Interpolations-array" count="40">
 LINEAR LINEAR LINEAR LINEAR LINEAR LINEAR LINEAR LINEAR LINEAR LINEAR LINEAR
LINEAR LINEAR LINEAR LINEAR LINEAR LINEAR LINEAR LINEAR LINEAR LINEAR LINEAR LINEAR
LINEAR LINEAR LINEAR LINEAR LINEAR LINEAR LINEAR LINEAR LINEAR LINEAR LINEAR LINEAR
LINEAR LINEAR LINEAR LINEAR LINEAR</Name_array>
        <technique_common>
          <accessor source="#mixamorig_Hips-Interpolations-array" count="40">
            <param type="name"/>
          </accessor>
        </technique_common>
      </source>
      <sampler id="mixamorig_Hips-Matrix-animation-transform">
        <input semantic="INPUT" source="#mixamorig_Hips-Matrix-animation-input"/>
        <input semantic="OUTPUT" source="#mixamorig_Hips-Matrix-animation-output-transform"/>
        <input semantic="INTERPOLATION" source="#mixamorig_Hips-Interpolations"/>
      </sampler>
      <channel source="#mixamorig_Hips-Matrix-animation-transform" target="mixamorig_Hips/matrix"/>
    </animation>
    <animation id="mixamorig_Spine-anim" name="mixamorig_Spine">
      <source id="mixamorig_Spine-Matrix-animation-input">
        <float_array id="mixamorig_Spine-Matrix-animation-input-array" count="40">

0.000000 0.033333 0.066667 0.100000 0.133333 0.166667 0.200000 0.233333 0.266667 0.300000 0.333333 0.366667 0.400000 0.433333 0.466667 0.500000
0.533333 0.566667 0.600000 0.633333 0.666667 0.700000 0.733333 0.766667 0.800000 0.833333 0.866667 0.900000 0.933333 0.966667 1.000000 1.033333
1.066667 1.100000 1.133333 1.166667 1.200000 1.233333 1.266667 1.300000</float_array>
        <technique_common>
          <accessor source="#mixamorig_Spine-Matrix-animation-input-array" count="40">
            <param name="TIME" type="float"/>
          </accessor>
        </technique_common>
      </source>
      <source id="mixamorig_Spine-Matrix-animation-output-transform">
        <float_array id="mixamorig_Spine-Matrix-animation-output-transform-array" count="640">

0.993985 -0.093182 -0.057538 0.004700 0.072993 0.955373 -0.286242 5.245300 0.081642 0.280321 0.956428 0.258800 0.000000 0.000000 0.000000 1.000000
0.991049 -0.115768 -0.066478 0.004700 0.093231 0.956622 -0.276013 5.245300 0.095548 0.267344 0.958852 0.258800 0.000000 0.000000 0.000000 1.000000
0.988240 -0.136109 -0.069680 0.004700 0.113863 0.959199 -0.258790 5.245300 0.102061 0.247813 0.963417 0.258800 0.000000 0.000000 0.000000 1.000000
0.984866 -0.157473 -0.072402 0.004700 0.136041 0.961185 -0.240033 5.245300 0.107391 0.226551 0.968061 0.258800 0.000000 0.000000 0.000000 1.000000
0.980886 -0.178668 -0.077074 0.004700 0.157620 0.961831 -0.223690 5.245300 0.114099 0.207266 0.971608 0.258800 0.000000 0.000000 0.000000 1.000000
0.977165 -0.194045 -0.086574 0.004700 0.171850 0.961357 -0.215081 5.245300 0.124963 0.195292 0.972751 0.258800 0.000000 0.000000 0.000000 1.000000
0.975352 -0.196858 -0.099672 0.004700 0.171488 0.960537 -0.219000 5.245300 0.138851 0.196510 0.970621 0.258800 0.000000 0.000000 0.000000 1.000000
0.976479 -0.183336 -0.113474 0.004700 0.152577 0.959421 -0.237132 5.245300 0.152344 0.214241 0.964827 0.258800 0.000000 0.000000 0.000000 1.000000
0.979526 -0.156982 -0.126034 0.004700 0.119133 0.956671 -0.265684 5.245300 0.162281 0.245230 0.955786 0.258800 0.000000 0.000000 0.000000 1.000000
0.981923 -0.128817 -0.138686 0.004700 0.082711 0.951051 -0.297760 5.245300 0.170254 0.280907 0.944513 0.258800 0.000000 0.000000 0.000000 1.000000
0.982015 -0.110583 -0.153028 0.004700 0.055999 0.944646 -0.323276 5.245300 0.180307 0.308893 0.933849 0.258800 0.000000 0.000000 0.000000 1.000000
0.980388 -0.107690 -0.165054 0.004700 0.046375 0.940046 -0.337880 5.245300 0.191545 0.323599 0.926604 0.258800 0.000000 0.000000 0.000000 1.000000
0.978854 -0.116540 -0.168119 0.004700 0.053331 0.938815 -0.340268 5.245300 0.197487 0.324107 0.925178 0.258800 0.000000 0.000000 0.000000 1.000000
0.979042 -0.125836 -0.160130 0.004700 0.069329 0.945242 -0.318922 5.245300 0.191493 0.301137 0.934156 0.258800 0.000000 0.000000 0.000000 1.000000
0.980805 -0.133391 -0.142225 0.004700 0.088689 0.954759 -0.283847 5.245300 0.173653 0.265785 0.948263 0.258800 0.000000 0.000000 0.000000 1.000000
0.982548 -0.142823 -0.119164 0.004700 0.109194 0.961525 -0.252085 5.245300 0.150583 0.234674 0.960340 0.258800 0.000000 0.000000 0.000000 1.000000
0.983258 -0.155253 -0.095397 0.004700 0.128898 0.962648 -0.238107 5.245300 0.128800 0.221824 0.966543 0.258800 0.000000 0.000000 0.000000 1.000000
0.982989 -0.168247 -0.073662 0.004700 0.146655 0.960457 -0.236674 5.245300 0.110569 0.221845 0.968793 0.258800 0.000000 0.000000 0.000000 1.000000
0.982071 -0.180178 -0.055432 0.004700 0.162752 0.958767 -0.232977 5.245300 0.095124 0.219778 0.970901 0.258800 0.000000 0.000000 0.000000 1.000000
0.980637 -0.191654 -0.040243 0.004700 0.177756 0.957352 -0.227774 5.245300 0.082181 0.216210 0.972882 0.258800 0.000000 0.000000 0.000000 1.000000
0.978740 -0.203287 -0.027260 0.004700 0.192405 0.956029 -0.221336 5.245300 0.071056 0.211385 0.974817 0.258800 0.000000 0.000000 0.000000 1.000000
0.976306 -0.215880 -0.014926 0.004700 0.207768 0.954432 -0.214226 5.245300 0.060493 0.206049 0.976670 0.258800 0.000000 0.000000 0.000000 1.000000
0.974051 -0.226321 0.002001 0.004700 0.221258 0.950325 -0.218923 5.245300 0.047645 0.213685 0.975740 0.258800 0.000000 0.000000 0.000000 1.000000
0.973123 -0.229174 0.022620 0.004700 0.228280 0.947027 -0.225896 5.245300 0.030348 0.224988 0.973889 0.258800 0.000000 0.000000 0.000000 1.000000
0.973840 -0.222612 0.045605 0.004700 0.227069 0.945641 -0.232813 5.245300 0.008701 0.237078 0.971452 0.258800 0.000000 0.000000 0.000000 1.000000
0.975963 -0.207315 0.067200 0.004700 0.217529 0.945478 -0.242388 5.245300 -0.013286 0.251180 0.967849 0.258800 0.000000 0.000000 0.000000 1.000000
0.979184 -0.185120 0.083241 0.004700 0.200542 0.945642 -0.256015 5.245300 -0.031323 0.267379 0.963082 0.258800 0.000000 0.000000 0.000000 1.000000
0.983076 -0.159286 0.090497 0.004700 0.178428 0.944497 -0.275843 5.245300 -0.041536 0.287322 0.956933 0.258800 0.000000 0.000000 0.000000 1.000000
0.987375 -0.132615 0.086627 0.004700 0.152806 0.941512 -0.300342 5.245300 -0.041731 0.309787 0.949890 0.258800 0.000000 0.000000 0.000000 1.000000
0.991819 -0.106443 0.070467 0.004700 0.123675 0.937993 -0.323841 5.245300 -0.031627 0.329907 0.943484 0.258800 0.000000 0.000000 0.000000 1.000000
0.995611 -0.082387 0.044398 0.004700 0.092607 0.935782 -0.340201 5.245300 -0.013518 0.342819 0.939304 0.258800 0.000000 0.000000 0.000000 1.000000
0.997902 -0.062814 0.015679 0.004700 0.064362 0.936362 -0.345084 5.245300 0.006995 0.345369 0.938441 0.258800 0.000000 0.000000 0.000000 1.000000
0.999004 -0.044054 -0.007139 0.004700 0.038724 0.935191 -0.352021 5.245300 0.022184 0.351394 0.935965 0.258800 0.000000 0.000000 0.000000 1.000000
0.999301 -0.031672 -0.019860 0.004700 0.022717 0.936385 -0.350240 5.245300 0.029689 0.349544 0.936450 0.258800 0.000000 0.000000 0.000000 1.000000
0.999379 -0.023849 -0.025938 0.004700 0.013491 0.939023 -0.343590 5.245300 0.032550 0.343026 0.938762 0.258800 0.000000 0.000000 0.000000 1.000000
0.999233 -0.022920 -0.031743 0.004700 0.011073 0.943075 -0.332396 5.245300 0.037554 0.331789 0.942606 0.258800 0.000000 0.000000 0.000000 1.000000
0.998702 -0.031591 -0.039947 0.004700 0.017207 0.947544 -0.319163 5.245300 0.047934 0.318061 0.946858 0.258800 0.000000 0.000000 0.000000 1.000000
0.997562 -0.049688 -0.049009 0.004700 0.032308 0.951227 -0.306794 5.245300 0.061863 0.304462 0.950513 0.258800 0.000000 0.000000 0.000000 1.000000
0.995756 -0.073018 -0.056016 0.004700 0.053219 0.953455 -0.296802 5.245300 0.075081 0.292561 0.953295 0.258800 0.000000 0.000000 0.000000 1.000000
0.993985 -0.093182 -0.057538 0.004700 0.072993 0.955373 -0.286242 5.245300 0.081643 0.280321 0.956428 0.258800 0.000000 0.000000 0.000000 1.000000</float_array>
        <technique_common>
          <accessor source="#mixamorig_Spine-Matrix-animation-output-transform-array" count="40" stride="16">
            <param type="float4x4"/>
          </accessor>
        </technique_common>
      </source>
      <source id="mixamorig_Spine-Interpolations">
        <Name_array id="mixamorig_Spine-Interpolations-array" count="40">
 LINEAR LINEAR LINEAR LINEAR LINEAR LINEAR LINEAR LINEAR LINEAR LINEAR LINEAR
LINEAR LINEAR LINEAR LINEAR LINEAR LINEAR LINEAR LINEAR LINEAR LINEAR LINEAR LINEAR
LINEAR LINEAR LINEAR LINEAR LINEAR LINEAR LINEAR LINEAR LINEAR LINEAR LINEAR LINEAR
LINEAR LINEAR LINEAR LINEAR LINEAR</Name_array>
        <technique_common>
          <accessor source="#mixamorig_Spine-Interpolations-array" count="40">
            <param type="name"/>
          </accessor>
        </technique_common>
      </source>
      <sampler id="mixamorig_Spine-Matrix-animation-transform">
        <input semantic="INPUT" source="#mixamorig_Spine-Matrix-animation-input"/>
        <input semantic="OUTPUT" source="#mixamorig_Spine-Matrix-animation-output-transform"/>
        <input semantic="INTERPOLATION" source="#mixamorig_Spine-Interpolations"/>
      </sampler>
      <channel source="#mixamorig_Spine-Matrix-animation-transform" target="mixamorig_Spine/matrix"/>
    </animation>
    <animation id="mixamorig_Spine1-anim" name="mixamorig_Spine1">
      <source id="mixamorig_Spine1-Matrix-animation-input">
        <float_array id="mixamorig_Spine1-Matrix-animation-input-array" count="40">

0.000000 0.033333 0.066667 0.100000 0.133333 0.166667 0.200000 0.233333 0.266667 0.300000 0.333333 0.366667 0.400000 0.433333 0.466667 0.500000
0.533333 0.566667 0.600000 0.633333 0.666667 0.700000 0.733333 0.766667 0.800000 0.833333 0.866667 0.900000 0.933333 0.966667 1.000000 1.033333
1.066667 1.100000 1.133333 1.166667 1.200000 1.233333 1.266667 1.300000</float_array>
        <technique_common>
          <accessor source="#mixamorig_Spine1-Matrix-animation-input-array" count="40">
            <param name="TIME" type="float"/>
          </accessor>
        </technique_common>
      </source>
      <source id="mixamorig_Spine1-Matrix-animation-output-transform">
        <float_array id="mixamorig_Spine1-Matrix-animation-output-transform-array" count="640">

0.999794 0.000910 -0.020280 -0.000000 -0.001418 0.999684 -0.025091 11.066900 0.020250 0.025115 0.999479 0.000000 0.000000 0.000000 0.000000 1.000000
0.999656 0.003938 -0.025921 0.000000 -0.004723 0.999530 -0.030303 11.066900 0.025789 0.030415 0.999205 0.000000 0.000000 0.000000 0.000000 1.000000
0.999539 0.007189 -0.029499 0.000000 -0.008256 0.999310 -0.036215 11.066900 0.029219 0.036442 0.998909 0.000000 0.000000 0.000000 0.000000 1.000000
0.999408 0.010771 -0.032683 0.000000 -0.012134 0.999052 -0.041796 11.066900 0.032201 0.042168 0.998591 0.000000 0.000000 0.000000 0.000000 1.000000
0.999236 0.014241 -0.036382 -0.000000 -0.015907 0.998819 -0.045915 11.066900 0.035685 0.046458 0.998283 0.000000 0.000000 0.000000 0.000000 1.000000
0.999004 0.017057 -0.041235 -0.000000 -0.019030 0.998669 -0.047947 11.066900 0.040363 0.048684 0.997998 0.000000 0.000000 0.000000 0.000000 1.000000
0.998687 0.018507 -0.047772 0.000000 -0.020783 0.998651 -0.047588 11.066900 0.046827 0.048518 0.997724 0.000000 0.000000 0.000000 0.000000 1.000000
0.998333 0.017711 -0.054935 -0.000000 -0.020184 0.998793 -0.044783 11.066900 0.054076 0.045817 0.997485 -0.000000 0.000000 0.000000 0.000000 1.000000
0.997999 0.015075 -0.061410 -0.000000 -0.017552 0.999045 -0.040001 11.066900 0.060749 0.040999 0.997311 -0.000000 0.000000 0.000000 0.000000 1.000000
0.997673 0.012108 -0.067103 0.000000 -0.014360 0.999346 -0.033179 11.066900 0.066658 0.034066 0.997194 -0.000000 0.000000 0.000000 0.000000 1.000000
0.997290 0.009580 -0.072941 -0.000000 -0.011587 0.999565 -0.027138 11.066900 0.072650 0.027909 0.996967 0.000000 0.000000 0.000000 0.000000 1.000000
0.996846 0.007415 -0.079010 0.000000 -0.009228 0.999702 -0.022613 11.066900 0.078819 0.023271 0.996617 -0.000000 0.000000 0.000000 0.000000 1.000000
0.996501 0.006521 -0.083331 0.000000 -0.008281 0.999749 -0.020794 11.066900 0.083174 0.021412 0.996305 0.000000 0.000000 0.000000 0.000000 1.000000
0.996541 0.006239 -0.082871 0.000000 -0.009159 0.999349 -0.034909 11.066900 0.082599 0.035547 0.995949 0.000000 0.000000 0.000000 0.000000 1.000000
0.996907 0.006363 -0.078333 0.000000 -0.010968 0.998227 -0.058497 11.066900 0.077822 0.059175 0.995210 0.000000 0.000000 0.000000 0.000000 1.000000
0.997330 0.007405 -0.072646 0.000000 -0.013026 0.996930 -0.077213 11.066900 0.071851 0.077953 0.994364 0.000000 0.000000 0.000000 0.000000 1.000000
0.997646 0.008697 -0.068015 0.000000 -0.013974 0.996894 -0.077500 11.066900 0.067130 0.078268 0.994670 -0.000000 0.000000 0.000000 0.000000 1.000000
0.997849 0.009348 -0.064885 -0.000000 -0.013512 0.997856 -0.064040 11.066900 0.064148 0.064779 0.995836 0.000000 0.000000 0.000000 0.000000 1.000000
0.997987 0.009333 -0.062733 0.000000 -0.012591 0.998581 -0.051743 11.066900 0.062161 0.052428 0.996688 0.000000 0.000000 0.000000 0.000000 1.000000
0.998100 0.009507 -0.060875 0.000000 -0.012061 0.999056 -0.041725 11.066900 0.060420 0.042380 0.997273 0.000000 0.000000 0.000000 0.000000 1.000000
0.998219 0.011189 -0.058595 0.000000 -0.013255 0.999300 -0.034989 11.066900 0.058162 0.035703 0.997669 -0.000000 0.000000 0.000000 0.000000 1.000000
0.998330 0.015880 -0.055536 0.000000 -0.017698 0.999318 -0.032407 11.066900 0.054984 0.033336 0.997931 0.000000 0.000000 0.000000 0.000000 1.000000
0.998477 0.021295 -0.050899 0.000000 -0.022545 0.999455 -0.024115 11.066900 0.050357 0.025226 0.998413 0.000000 0.000000 0.000000 0.000000 1.000000
0.998795 0.023926 -0.042843 -0.000000 -0.024771 0.999507 -0.019294 11.066900 0.042360 0.020332 0.998895 -0.000000 0.000000 0.000000 0.000000 1.000000
0.999207 0.023489 -0.032147 0.000000 -0.024087 0.999542 -0.018332 11.066900 0.031702 0.019092 0.999315 0.000000 0.000000 0.000000 0.000000 1.000000
0.999568 0.020992 -0.020556 -0.000000 -0.021352 0.999619 -0.017486 11.066900 0.020181 0.017918 0.999636 0.000000 0.000000 0.000000 0.000000 1.000000
0.999811 0.016791 -0.009782 0.000000 -0.016951 0.999720 -0.016504 11.066900 0.009502 0.016666 0.999816 0.000000 0.000000 0.000000 0.000000 1.000000
0.999932 0.011573 -0.001102 0.000000 -0.011589 0.999812 -0.015569 11.066900 0.000921 0.015580 0.999878 0.000000 0.000000 0.000000 0.000000 1.000000
0.999970 0.006273 0.004501 -0.000000 -0.006202 0.999857 -0.015717 11.066900 -0.004599 0.015689 0.999866 -0.000000 0.000000 0.000000 0.000000 1.000000
0.999977 0.002088 0.006434 -0.000000 -0.001975 0.999845 -0.017500 11.066900 -0.006469 0.017487 0.999826 0.000000 0.000000 0.000000 0.000000 1.000000
0.999989 0.000009 0.004688 0.000000 0.000086 0.999796 -0.020179 11.066900 -0.004687 0.020179 0.999785 0.000000 0.000000 0.000000 0.000000 1.000000
1.000000 0.000469 0.000353 -0.000000 -0.000460 0.999684 -0.025124 11.066900 -0.000365 0.025123 0.999684 0.000000 0.000000 0.000000 0.000000 1.000000
0.999991 -0.002093 -0.003561 -0.000000 0.002017 0.999772 -0.021275 11.066900 0.003604 0.021268 0.999767 0.000000 0.000000 0.000000 0.000000 1.000000
0.999979 -0.002859 -0.005855 0.000000 0.002737 0.999780 -0.020798 11.066900 0.005913 0.020781 0.999767 -0.000000 0.000000 0.000000 0.000000 1.000000
0.999972 -0.002813 -0.006887 0.000000 0.002669 0.999779 -0.020832 11.066900 0.006944 0.020813 0.999759 0.000000 0.000000 0.000000 0.000000 1.000000
0.999963 -0.001394 -0.008503 0.000000 0.001209 0.999765 -0.021632 11.066900 0.008531 0.021621 0.999730 0.000000 0.000000 0.000000 0.000000 1.000000
0.999932 0.000293 -0.011680 0.000000 -0.000558 0.999743 -0.022648 11.066900 0.011670 0.022653 0.999675 0.000000 0.000000 0.000000 0.000000 1.000000
0.999877 0.001314 -0.015628 -0.000000 -0.001684 0.999719 -0.023642 11.066900 0.015593 0.023665 0.999598 0.000000 0.000000 0.000000 0.000000 1.000000
0.999821 0.001318 -0.018852 0.000000 -0.001780 0.999699 -0.024487 11.066900 0.018814 0.024517 0.999522 0.000000 0.000000 0.000000 0.000000 1.000000
0.999794 0.000909 -0.020280 0.000000 -0.001418 0.999684 -0.025091 11.066900 0.020250 0.025115 0.999479 -0.000000 0.000000 0.000000 0.000000 1.000000</float_array>
        <technique_common>
          <accessor source="#mixamorig_Spine1-Matrix-animation-output-transform-array" count="40" stride="16">
            <param type="float4x4"/>
          </accessor>
        </technique_common>
      </source>
      <source id="mixamorig_Spine1-Interpolations">
        <Name_array id="mixamorig_Spine1-Interpolations-array" count="40">
 LINEAR LINEAR LINEAR LINEAR LINEAR LINEAR LINEAR LINEAR LINEAR LINEAR LINEAR
LINEAR LINEAR LINEAR LINEAR LINEAR LINEAR LINEAR LINEAR LINEAR LINEAR LINEAR LINEAR
LINEAR LINEAR LINEAR LINEAR LINEAR LINEAR LINEAR LINEAR LINEAR LINEAR LINEAR LINEAR
LINEAR LINEAR LINEAR LINEAR LINEAR</Name_array>
        <technique_common>
          <accessor source="#mixamorig_Spine1-Interpolations-array" count="40">
            <param type="name"/>
          </accessor>
        </technique_common>
      </source>
      <sampler id="mixamorig_Spine1-Matrix-animation-transform">
        <input semantic="INPUT" source="#mixamorig_Spine1-Matrix-animation-input"/>
        <input semantic="OUTPUT" source="#mixamorig_Spine1-Matrix-animation-output-transform"/>
        <input semantic="INTERPOLATION" source="#mixamorig_Spine1-Interpolations"/>
      </sampler>
      <channel source="#mixamorig_Spine1-Matrix-animation-transform" target="mixamorig_Spine1/matrix"/>
    </animation>
    <animation id="mixamorig_Spine2-anim" name="mixamorig_Spine2">
      <source id="mixamorig_Spine2-Matrix-animation-input">
        <float_array id="mixamorig_Spine2-Matrix-animation-input-array" count="40">

0.000000 0.033333 0.066667 0.100000 0.133333 0.166667 0.200000 0.233333 0.266667 0.300000 0.333333 0.366667 0.400000 0.433333 0.466667 0.500000
0.533333 0.566667 0.600000 0.633333 0.666667 0.700000 0.733333 0.766667 0.800000 0.833333 0.866667 0.900000 0.933333 0.966667 1.000000 1.033333
1.066667 1.100000 1.133333 1.166667 1.200000 1.233333 1.266667 1.300000</float_array>
        <technique_common>
          <accessor source="#mixamorig_Spine2-Matrix-animation-input-array" count="40">
            <param name="TIME" type="float"/>
          </accessor>
        </technique_common>
      </source>
      <source id="mixamorig_Spine2-Matrix-animation-output-transform">
        <float_array id="mixamorig_Spine2-Matrix-animation-output-transform-array" count="640">

0.999506 -0.029745 0.010124 0.000000 0.030855 0.990048 -0.137303 8.141900 -0.005939 0.137548 0.990477 0.000000 0.000000 0.000000 0.000000 1.000000
0.999627 -0.027035 0.003804 0.000000 0.027301 0.989417 -0.142511 8.141900 0.000089 0.142561 0.989786 0.000000 0.000000 0.000000 0.000000 1.000000
0.999713 -0.023968 -0.000580 -0.000000 0.023617 0.988659 -0.148307 8.141900 0.004128 0.148251 0.988941 0.000000 0.000000 0.000000 0.000000 1.000000
0.999779 -0.020545 -0.004520 0.000000 0.019606 0.987910 -0.153782 8.141900 0.007625 0.153659 0.988094 0.000000 0.000000 0.000000 0.000000 1.000000
0.999810 -0.017343 -0.008879 0.000000 0.015726 0.987343 -0.157819 8.141900 0.011504 0.157649 0.987428 0.000000 0.000000 0.000000 0.000000 1.000000
0.999785 -0.015103 -0.014197 0.000000 0.012642 0.987067 -0.159807 8.141900 0.016427 0.159593 0.987046 0.000000 0.000000 0.000000 0.000000 1.000000
0.999676 -0.014545 -0.020876 -0.000000 0.011033 0.987144 -0.159452 8.141900 0.022927 0.159170 0.986985 0.000000 0.000000 0.000000 0.000000 1.000000
0.999481 -0.016546 -0.027650 0.000000 0.012013 0.987568 -0.156735 8.141900 0.029900 0.156321 0.987254 0.000000 0.000000 0.000000 0.000000 1.000000
0.999237 -0.020561 -0.033200 0.000000 0.015279 0.988238 -0.152156 8.141900 0.035938 0.151532 0.987799 -0.000000 0.000000 0.000000 0.000000 1.000000
0.998981 -0.024970 -0.037590 0.000000 0.019244 0.989149 -0.145649 8.141900 0.040819 0.144777 0.988622 -0.000000 0.000000 0.000000 0.000000 1.000000
0.998688 -0.029231 -0.042035 0.000000 0.023083 0.989889 -0.139952 8.141900 0.045701 0.138798 0.989266 -0.000000 0.000000 0.000000 0.000000 1.000000
0.998324 -0.033582 -0.047127 -0.000000 0.026912 0.990393 -0.135637 8.141900 0.051229 0.134141 0.989637 0.000000 0.000000 0.000000 0.000000 1.000000
0.998036 -0.036676 -0.050791 0.000000 0.029584 0.990548 -0.133940 8.141900 0.055224 0.132175 0.989687 0.000000 0.000000 0.000000 0.000000 1.000000
0.998045 -0.037292 -0.050146 0.000000 0.029510 0.988571 -0.147840 8.141900 0.055086 0.146071 0.987739 0.000000 0.000000 0.000000 0.000000 1.000000
0.998309 -0.035803 -0.045798 -0.000000 0.027480 0.984898 -0.170942 8.141900 0.051227 0.169395 0.984216 -0.000000 0.000000 0.000000 0.000000 1.000000
0.998638 -0.033046 -0.040386 0.000000 0.024826 0.981603 -0.189312 8.141900 0.045899 0.188051 0.981086 0.000000 0.000000 0.000000 0.000000 1.000000
0.998874 -0.030885 -0.036011 0.000000 0.023507 0.981543 -0.189792 8.141900 0.041208 0.188732 0.981164 0.000000 0.000000 0.000000 0.000000 1.000000
0.999011 -0.029627 -0.033153 0.000000 0.023310 0.983950 -0.176914 8.141900 0.037862 0.175966 0.983668 0.000000 0.000000 0.000000 0.000000 1.000000
0.999101 -0.028482 -0.031415 0.000000 0.022913 0.985987 -0.165241 8.141900 0.035682 0.164373 0.985753 0.000000 0.000000 0.000000 0.000000 1.000000
0.999185 -0.026994 -0.029997 0.000000 0.022003 0.987547 -0.155777 8.141900 0.033828 0.154991 0.987337 0.000000 0.000000 0.000000 0.000000 1.000000
0.999301 -0.024372 -0.028337 -0.000000 0.019874 0.988574 -0.149417 8.141900 0.031655 0.148750 0.988368 0.000000 0.000000 0.000000 0.000000 1.000000
0.999471 -0.019139 -0.026293 0.000000 0.015073 0.989029 -0.146953 8.141900 0.028817 0.146479 0.988794 0.000000 0.000000 0.000000 0.000000 1.000000
0.999655 -0.013405 -0.022594 0.000000 0.010147 0.990302 -0.138561 8.141900 0.024233 0.138284 0.990096 -0.000000 0.000000 0.000000 0.000000 1.000000
0.999839 -0.009920 -0.014939 0.000000 0.007841 0.991051 -0.133254 8.141900 0.016127 0.133115 0.990969 0.000000 0.000000 0.000000 0.000000 1.000000
0.999949 -0.009020 -0.004539 0.000000 0.008346 0.991303 -0.131335 8.141900 0.005684 0.131290 0.991328 0.000000 0.000000 0.000000 0.000000 1.000000
0.999926 -0.010194 0.006564 0.000000 0.010956 0.991570 -0.129106 8.141900 -0.005192 0.129169 0.991609 -0.000000 0.000000 0.000000 0.000000 1.000000
0.999771 -0.013218 0.016846 0.000000 0.015252 0.991787 -0.126988 8.141900 -0.015029 0.127216 0.991761 -0.000000 0.000000 0.000000 0.000000 1.000000
0.999528 -0.017492 0.025270 0.000000 0.020531 0.991881 -0.125504 8.141900 -0.022869 0.125964 0.991771 0.000000 0.000000 0.000000 0.000000 1.000000
0.999277 -0.022166 0.030903 -0.000000 0.025883 0.991744 -0.125598 8.141900 -0.027864 0.126307 0.991600 -0.000000 0.000000 0.000000 0.000000 1.000000
0.999108 -0.026156 0.033156 -0.000000 0.030191 0.991351 -0.127718 8.141900 -0.029528 0.128605 0.991256 0.000000 0.000000 0.000000 0.000000 1.000000
0.999072 -0.028423 0.032374 0.000000 0.032431 0.990864 -0.130909 8.141900 -0.028358 0.131838 0.990866 -0.000000 0.000000 0.000000 0.000000 1.000000
0.999146 -0.028357 0.030054 -0.000000 0.032206 0.990116 -0.136505 8.141900 -0.025886 0.137356 0.990183 0.000000 0.000000 0.000000 0.000000 1.000000
0.999121 -0.030615 0.028620 -0.000000 0.034157 0.990552 -0.132813 8.141900 -0.024284 0.133674 0.990728 -0.000000 0.000000 0.000000 0.000000 1.000000
0.999115 -0.031498 0.027866 0.000000 0.034923 0.990576 -0.132436 8.141900 -0.023432 0.133292 0.990800 0.000000 0.000000 0.000000 0.000000 1.000000
0.999128 -0.031641 0.027233 -0.000000 0.034983 0.990560 -0.132539 8.141900 -0.022782 0.133376 0.990804 0.000000 0.000000 0.000000 0.000000 1.000000
0.999215 -0.030520 0.025242 0.000000 0.033625 0.990485 -0.133447 8.141900 -0.020929 0.134191 0.990734 -0.000000 0.000000 0.000000 0.000000 1.000000
0.999349 -0.029255 0.021108 0.000000 0.031836 0.990388 -0.134605 8.141900 -0.016967 0.135190 0.990674 0.000000 0.000000 0.000000 0.000000 1.000000
0.999459 -0.028717 0.016030 -0.000000 0.030630 0.990273 -0.135724 8.141900 -0.011976 0.136142 0.990617 0.000000 0.000000 0.000000 0.000000 1.000000
0.999506 -0.029089 0.011870 0.000000 0.030440 0.990152 -0.136646 8.141900 -0.007778 0.136940 0.990549 0.000000 0.000000 0.000000 0.000000 1.000000
0.999506 -0.029745 0.010124 0.000000 0.030855 0.990048 -0.137303 8.141900 -0.005939 0.137548 0.990477 0.000000 0.000000 0.000000 0.000000 1.000000</float_array>
        <technique_common>
          <accessor source="#mixamorig_Spine2-Matrix-animation-output-transform-array" count="40" stride="16">
            <param type="float4x4"/>
          </accessor>
        </technique_common>
      </source>
      <source id="mixamorig_Spine2-Interpolations">
        <Name_array id="mixamorig_Spine2-Interpolations-array" count="40">
 LINEAR LINEAR LINEAR LINEAR LINEAR LINEAR LINEAR LINEAR LINEAR LINEAR LINEAR
LINEAR LINEAR LINEAR LINEAR LINEAR LINEAR LINEAR LINEAR LINEAR LINEAR LINEAR LINEAR
LINEAR LINEAR LINEAR LINEAR LINEAR LINEAR LINEAR LINEAR LINEAR LINEAR LINEAR LINEAR
LINEAR LINEAR LINEAR LINEAR LINEAR</Name_array>
        <technique_common>
          <accessor source="#mixamorig_Spine2-Interpolations-array" count="40">
            <param type="name"/>
          </accessor>
        </technique_common>
      </source>
      <sampler id="mixamorig_Spine2-Matrix-animation-transform">
        <input semantic="INPUT" source="#mixamorig_Spine2-Matrix-animation-input"/>
        <input semantic="OUTPUT" source="#mixamorig_Spine2-Matrix-animation-output-transform"/>
        <input semantic="INTERPOLATION" source="#mixamorig_Spine2-Interpolations"/>
      </sampler>
      <channel source="#mixamorig_Spine2-Matrix-animation-transform" target="mixamorig_Spine2/matrix"/>
    </animation>
    <animation id="mixamorig_Neck-anim" name="mixamorig_Neck">
      <source id="mixamorig_Neck-Matrix-animation-input">
        <float_array id="mixamorig_Neck-Matrix-animation-input-array" count="40">

0.000000 0.033333 0.066667 0.100000 0.133333 0.166667 0.200000 0.233333 0.266667 0.300000 0.333333 0.366667 0.400000 0.433333 0.466667 0.500000
0.533333 0.566667 0.600000 0.633333 0.666667 0.700000 0.733333 0.766667 0.800000 0.833333 0.866667 0.900000 0.933333 0.966667 1.000000 1.033333
1.066667 1.100000 1.133333 1.166667 1.200000 1.233333 1.266667 1.300000</float_array>
        <technique_common>
          <accessor source="#mixamorig_Neck-Matrix-animation-input-array" count="40">
            <param name="TIME" type="float"/>
          </accessor>
        </technique_common>
      </source>
      <source id="mixamorig_Neck-Matrix-animation-output-transform">
        <float_array id="mixamorig_Neck-Matrix-animation-output-transform-array" count="640">

0.990407 0.122663 0.063624 -0.112200 -0.136518 0.939829 0.313183 18.919500 -0.021380 -0.318864 0.947559 -3.736100 0.000000 0.000000 0.000000 1.000000
0.990481 0.121048 0.065539 -0.112200 -0.135589 0.940075 0.312850 18.919500 -0.023742 -0.318758 0.947539 -3.736100 0.000000 0.000000 0.000000 1.000000
0.990161 0.122642 0.067385 -0.112200 -0.137595 0.940990 0.309202 18.919500 -0.025487 -0.315431 0.948606 -3.736100 0.000000 0.000000 0.000000 1.000000
0.989623 0.124997 0.070873 -0.112200 -0.140793 0.942079 0.304408 18.919500 -0.028717 -0.311227 0.949902 -3.736100 0.000000 0.000000 0.000000 1.000000
0.989029 0.128000 0.073743 -0.112200 -0.144412 0.942875 0.300219 18.919500 -0.031102 -0.307574 0.951016 -3.736100 0.000000 0.000000 0.000000 1.000000
0.988617 0.129638 0.076352 -0.112200 -0.146694 0.943280 0.297832 18.919500 -0.033411 -0.305642 0.951560 -3.736100 0.000000 0.000000 0.000000 1.000000
0.988685 0.128792 0.076901 -0.112200 -0.146041 0.943510 0.297423 18.919500 -0.034251 -0.305288 0.951644 -3.736100 0.000000 0.000000 0.000000 1.000000
0.989291 0.125527 0.074472 -0.112200 -0.142198 0.943951 0.297886 18.919500 -0.032905 -0.305286 0.951692 -3.736100 0.000000 0.000000 0.000000 1.000000
0.990189 0.120627 0.070536 -0.112200 -0.136349 0.944523 0.298806 18.919500 -0.030579 -0.305492 0.951703 -3.736100 0.000000 0.000000 0.000000 1.000000
0.991103 0.115677 0.065831 -0.112200 -0.130260 0.944601 0.301267 18.919500 -0.027334 -0.307161 0.951265 -3.736100 0.000000 0.000000 0.000000 1.000000
0.991785 0.112073 0.061664 -0.112200 -0.125733 0.942810 0.308708 18.919500 -0.023539 -0.313925 0.949156 -3.736100 0.000000 0.000000 0.000000 1.000000
0.992024 0.110549 0.060557 -0.112200 -0.124209 0.939125 0.320337 18.919500 -0.021457 -0.325304 0.945366 -3.736100 0.000000 0.000000 0.000000 1.000000
0.991866 0.111374 0.061629 -0.112200 -0.125724 0.932863 0.337581 18.919500 -0.019893 -0.342583 0.939277 -3.736100 0.000000 0.000000 0.000000 1.000000
0.993102 0.102567 0.056812 -0.112200 -0.116073 0.928501 0.352721 18.919500 -0.016572 -0.356883 0.934002 -3.736100 0.000000 0.000000 0.000000 1.000000
0.993315 0.101630 0.054744 -0.112200 -0.114754 0.920852 0.372642 18.919500 -0.012540 -0.376433 0.926359 -3.736100 0.000000 0.000000 0.000000 1.000000
0.992548 0.107604 0.057184 -0.112200 -0.121474 0.910803 0.394565 18.919500 -0.009626 -0.398571 0.917087 -3.736100 0.000000 0.000000 0.000000 1.000000
0.991356 0.115891 0.061509 -0.112200 -0.130911 0.904968 0.404839 18.919500 -0.008747 -0.409391 0.912317 -3.736100 0.000000 0.000000 0.000000 1.000000
0.990533 0.121154 0.064543 -0.112200 -0.136929 0.905326 0.402038 18.919500 -0.009724 -0.407070 0.913345 -3.736100 0.000000 0.000000 0.000000 1.000000
0.990498 0.121032 0.065303 -0.112200 -0.137037 0.908611 0.394521 18.919500 -0.011585 -0.399721 0.916564 -3.736100 0.000000 0.000000 0.000000 1.000000
0.990897 0.118243 0.064364 -0.112200 -0.133887 0.915541 0.379288 18.919500 -0.014079 -0.384452 0.923038 -3.736100 0.000000 0.000000 0.000000 1.000000
0.991146 0.116481 0.063739 -0.112200 -0.131711 0.923275 0.360854 18.919500 -0.016816 -0.366054 0.930442 -3.736100 0.000000 0.000000 0.000000 1.000000
0.990679 0.119071 0.066153 -0.112200 -0.134716 0.928300 0.346569 18.919500 -0.020143 -0.352250 0.935689 -3.736100 0.000000 0.000000 0.000000 1.000000
0.988604 0.131970 0.072428 -0.112200 -0.148573 0.932850 0.328204 18.919500 -0.024251 -0.335225 0.941826 -3.736100 0.000000 0.000000 0.000000 1.000000
0.984304 0.156448 0.081673 -0.112200 -0.174395 0.933227 0.314125 18.919500 -0.027076 -0.323437 0.945862 -3.736100 0.000000 0.000000 0.000000 1.000000
0.981907 0.168704 0.086012 -0.112200 -0.187327 0.931818 0.310845 18.919500 -0.027706 -0.321333 0.946561 -3.736100 0.000000 0.000000 0.000000 1.000000
0.980878 0.173894 0.087404 -0.112200 -0.192681 0.930953 0.310161 18.919500 -0.027434 -0.321071 0.946658 -3.736100 0.000000 0.000000 0.000000 1.000000
0.979857 0.178715 0.089116 -0.112200 -0.197798 0.929985 0.309846 18.919500 -0.027503 -0.321232 0.946601 -3.736100 0.000000 0.000000 0.000000 1.000000
0.978994 0.182545 0.090822 -0.112200 -0.202013 0.928744 0.310846 18.919500 -0.027607 -0.322664 0.946111 -3.736100 0.000000 0.000000 0.000000 1.000000
0.978878 0.182920 0.091310 -0.112200 -0.202595 0.927826 0.313199 18.919500 -0.027429 -0.325083 0.945288 -3.736100 0.000000 0.000000 0.000000 1.000000
0.980332 0.176786 0.087726 -0.112200 -0.195700 0.928237 0.316352 18.919500 -0.025504 -0.327298 0.944577 -3.736100 0.000000 0.000000 0.000000 1.000000
0.983300 0.163865 0.079183 -0.112200 -0.180745 0.930155 0.319598 18.919500 -0.021281 -0.328573 0.944239 -3.736100 0.000000 0.000000 0.000000 1.000000
0.986803 0.146987 0.067938 -0.112200 -0.161206 0.931336 0.326535 18.919500 -0.015277 -0.333178 0.942740 -3.736100 0.000000 0.000000 0.000000 1.000000
0.989025 0.135608 0.058648 -0.112200 -0.147345 0.934539 0.323923 18.919500 -0.010882 -0.329009 0.944264 -3.736100 0.000000 0.000000 0.000000 1.000000
0.990401 0.127716 0.052863 -0.112200 -0.137994 0.935634 0.324880 18.919500 -0.007968 -0.329057 0.944277 -3.736100 0.000000 0.000000 0.000000 1.000000
0.990929 0.124431 0.050762 -0.112200 -0.134194 0.936398 0.324269 18.919500 -0.007184 -0.328139 0.944602 -3.736100 0.000000 0.000000 0.000000 1.000000
0.991077 0.122828 0.051767 -0.112200 -0.132997 0.937059 0.322851 18.919500 -0.008854 -0.326855 0.945033 -3.736100 0.000000 0.000000 0.000000 1.000000
0.991037 0.122033 0.054345 -0.112200 -0.133068 0.937632 0.321152 18.919500 -0.011764 -0.325505 0.945467 -3.736100 0.000000 0.000000 0.000000 1.000000
