<?xml version="1.0" encoding="utf-8"?>
<COLLADA xmlns="http://www.collada.org/2005/11/COLLADASchema" version="1.4.1">
  <asset>
    <contributor>
      <author>Mixamo</author>
      <authoring_tool>COLLADA Mixamo exporter</authoring_tool>
      <comments/>
    </contributor>
    <created>2024-02-27T12:31:19Z</created>
    <modified>2024-02-27T12:31:19Z</modified>
    <revision/>
    <title/>
    <unit meter="0.010000"/>
    <up_axis>Y_UP</up_axis>
  </asset>
  <library_animations>
    <animation id="mixamorig_Hips-anim" name="mixamorig_Hips">
      <source id="mixamorig_Hips-Matrix-animation-input">
        <float_array id="mixamorig_Hips-Matrix-animation-input-array" count="19">

0.000000 0.033333 0.066667 0.100000 0.133333 0.166667 0.200000 0.233333 0.266667 0.300000 0.333333 0.366667 0.400000 0.433333 0.466667 0.500000
0.533333 0.566667 0.600000</float_array>
        <technique_common>
          <accessor source="#mixamorig_Hips-Matrix-animation-input-array" count="19">
            <param name="TIME" type="float"/>
          </accessor>
        </technique_common>
      </source>
      <source id="mixamorig_Hips-Matrix-animation-output-transform">
        <float_array id="mixamorig_Hips-Matrix-animation-output-transform-array" count="304">

0.772255 -0.073711 -0.631022 0.024757 -0.190917 0.920412 -0.341163 92.871574 0.605948 0.383938 0.696720 -0.038770 0.000000 0.000000 0.000000 1.000000
0.788840 -0.115782 -0.603595 -0.270764 -0.142684 0.920762 -0.363096 94.528458 0.597807 0.372548 0.709813 -2.386737 0.000000 0.000000 0.000000 1.000000
0.833949 -0.154827 -0.529677 -0.996192 -0.084499 0.912690 -0.399822 96.944771 0.545334 0.378188 0.748054 -3.713134 0.000000 0.000000 0.000000 1.000000
0.890100 -0.160590 -0.426535 -1.895947 -0.044367 0.900892 -0.431770 98.566505 0.453600 0.403243 0.794759 -4.046960 0.000000 0.000000 0.000000 1.000000
0.935977 -0.117622 -0.331832 -2.211255 -0.041100 0.899590 -0.434797 99.107040 0.349655 0.420598 0.837161 -3.731785 0.000000 0.000000 0.000000 1.000000
0.959825 -0.058420 -0.274449 -1.742322 -0.060248 0.912369 -0.404912 98.426613 0.274053 0.405180 0.872195 -4.237950 0.000000 0.000000 0.000000 1.000000
0.963768 -0.040875 -0.263592 -0.787820 -0.061387 0.927677 -0.368304 96.113899 0.259583 0.371141 0.891556 -5.726044 0.000000 0.000000 0.000000 1.000000
0.952039 -0.073984 -0.296898 0.272453 -0.036085 0.936407 -0.349055 93.803169 0.303842 0.343028 0.888826 -6.894727 0.000000 0.000000 0.000000 1.000000
0.927919 -0.102419 -0.358437 1.227403 -0.032635 0.935508 -0.351795 92.790688 0.371352 0.338134 0.864733 -7.115232 0.000000 0.000000 0.000000 1.000000
0.903284 -0.079787 -0.421559 2.090185 -0.093092 0.922701 -0.374107 92.876732 0.418822 0.377169 0.826034 -6.632473 0.000000 0.000000 0.000000 1.000000
0.882837 -0.022346 -0.469148 2.747935 -0.195673 0.890556 -0.410635 93.915718 0.426979 0.454323 0.781844 -5.531110 0.000000 0.000000 0.000000 1.000000
0.864931 0.018672 -0.501543 3.037421 -0.273785 0.855080 -0.440318 95.031868 0.420638 0.518160 0.744697 -3.537035 0.000000 0.000000 0.000000 1.000000
0.853605 0.012526 -0.520770 2.826001 -0.285068 0.847968 -0.446863 95.077057 0.435999 0.529900 0.727400 -1.104784 0.000000 0.000000 0.000000 1.000000
0.845272 -0.015683 -0.534107 2.224076 -0.255134 0.866420 -0.429212 94.587914 0.469492 0.499069 0.728359 0.599627 0.000000 0.000000 0.000000 1.000000
0.828801 -0.016016 -0.559314 1.305521 -0.250359 0.883336 -0.396280 92.990891 0.500409 0.468467 0.728100 0.826032 0.000000 0.000000 0.000000 1.000000
0.796145 0.008775 -0.605042 0.509215 -0.286688 0.886020 -0.364388 91.384308 0.532882 0.463564 0.707916 0.010504 0.000000 0.000000 0.000000 1.000000
0.756561 0.011578 -0.653821 0.105293 -0.308138 0.888192 -0.340831 90.383179 0.576773 0.459326 0.675539 -0.408931 0.000000 0.000000 0.000000 1.000000
0.741598 -0.022672 -0.670461 0.085294 -0.270794 0.904269 -0.330104 91.033096 0.613761 0.426362 0.664465 -0.545543 0.000000 0.000000 0.000000 1.000000
0.772255 -0.073711 -0.631022 0.024756 -0.190917 0.920412 -0.341163 92.871582 0.605948 0.383938 0.696720 -0.038769 0.000000 0.000000 0.000000 1.000000</float_array>
        <technique_common>
          <accessor source="#mixamorig_Hips-Matrix-animation-output-transform-array" count="19" stride="16">
            <param type="float4x4"/>
          </accessor>
        </technique_common>
      </source>
      <source id="mixamorig_Hips-Interpolations">
        <Name_array id="mixamorig_Hips-Interpolations-array" count="19">
 LINEAR LINEAR LINEAR LINEAR LINEAR LINEAR LINEAR LINEAR LINEAR LINEAR LINEAR
LINEAR LINEAR LINEAR LINEAR LINEAR LINEAR LINEAR LINEAR</Name_array>
        <technique_common>
          <accessor source="#mixamorig_Hips-Interpolations-array" count="19">
            <param type="name"/>
          </accessor>
        </technique_common>
      </source>
      <sampler id="mixamorig_Hips-Matrix-animation-transform">
        <input semantic="INPUT" source="#mixamorig_Hips-Matrix-animation-input"/>
        <input semantic="OUTPUT" source="#mixamorig_Hips-Matrix-animation-output-transform"/>
        <input semantic="INTERPOLATION" source="#mixamorig_Hips-Interpolations"/>
      </sampler>
      <channel source="#mixamorig_Hips-Matrix-animation-transform" target="mixamorig_Hips/matrix"/>
    </animation>
    <animation id="mixamorig_Spine-anim" name="mixamorig_Spine">
      <source id="mixamorig_Spine-Matrix-animation-input">
        <float_array id="mixamorig_Spine-Matrix-animation-input-array" count="19">

0.000000 0.033333 0.066667 0.100000 0.133333 0.166667 0.200000 0.233333 0.266667 0.300000 0.333333 0.366667 0.400000 0.433333 0.466667 0.500000
0.533333 0.566667 0.600000</float_array>
        <technique_common>
          <accessor source="#mixamorig_Spine-Matrix-animation-input-array" count="19">
            <param name="TIME" type="float"/>
          </accessor>
        </technique_common>
      </source>
      <source id="mixamorig_Spine-Matrix-animation-output-transform">
        <float_array id="mixamorig_Spine-Matrix-animation-output-transform-array" count="304">

0.999684 -0.024274 0.006483 0.004700 0.025085 0.978855 -0.203009 5.245300 -0.001418 0.203108 0.979155 0.258800 0.000000 0.000000 0.000000 1.000000
0.999093 0.029717 0.030489 0.004700 -0.023037 0.979556 -0.199849 5.245300 -0.035805 0.198966 0.979352 0.258800 0.000000 0.000000 0.000000 1.000000
0.996000 0.084491 0.029060 0.004700 -0.078015 0.980913 -0.178108 5.245300 -0.043554 0.175129 0.983582 0.258800 0.000000 0.000000 0.000000 1.000000
0.993869 0.110410 0.005767 0.004700 -0.108535 0.984268 -0.139418 5.245300 -0.021070 0.137937 0.990217 0.258800 0.000000 0.000000 0.000000 1.000000
0.994896 0.092387 -0.040575 0.004700 -0.096660 0.987998 -0.120487 5.245300 0.028957 0.123794 0.991885 0.258800 0.000000 0.000000 0.000000 1.000000
0.992598 0.061547 -0.104695 0.004700 -0.077200 0.985248 -0.152732 5.245300 0.093750 0.159684 0.982706 0.258800 0.000000 0.000000 0.000000 1.000000
0.983949 0.062540 -0.167132 0.004700 -0.095203 0.976129 -0.195217 5.245300 0.150933 0.207995 0.966415 0.258800 0.000000 0.000000 0.000000 1.000000
0.972147 0.098751 -0.212551 0.004700 -0.144072 0.967109 -0.209626 5.245300 0.184859 0.234410 0.954400 0.258800 0.000000 0.000000 0.000000 1.000000
0.962938 0.113731 -0.244572 0.004700 -0.166459 0.964058 -0.207081 5.245300 0.212230 0.240118 0.947260 0.258800 0.000000 0.000000 0.000000 1.000000
0.957962 0.051113 -0.282304 0.004700 -0.113495 0.971247 -0.209281 5.245300 0.263490 0.232524 0.936219 0.258800 0.000000 0.000000 0.000000 1.000000
0.940312 -0.075193 -0.331902 0.004700 -0.001742 0.974208 -0.225643 5.245300 0.340308 0.212753 0.915929 0.258800 0.000000 0.000000 0.000000 1.000000
0.906124 -0.191649 -0.377107 0.004700 0.103322 0.964752 -0.242031 5.245300 0.410199 0.180347 0.893986 0.258800 0.000000 0.000000 0.000000 1.000000
0.883482 -0.235851 -0.404765 0.004700 0.150401 0.961083 -0.231731 5.245300 0.443666 0.143853 0.884571 0.258800 0.000000 0.000000 0.000000 1.000000
0.891791 -0.217288 -0.396857 0.004700 0.141127 0.966960 -0.212299 5.245300 0.429875 0.133319 0.892991 0.258800 0.000000 0.000000 0.000000 1.000000
0.920237 -0.191392 -0.341368 0.004700 0.126069 0.970734 -0.204405 5.245300 0.370499 0.145065 0.917435 0.258800 0.000000 0.000000 0.000000 1.000000
0.952585 -0.182642 -0.243361 0.004700 0.133587 0.969642 -0.204815 5.245300 0.273381 0.162594 0.948064 0.258800 0.000000 0.000000 0.000000 1.000000
0.977307 -0.165387 -0.132356 0.004700 0.138343 0.971507 -0.192443 5.245300 0.160413 0.169765 0.972341 0.258800 0.000000 0.000000 0.000000 1.000000
0.993628 -0.105012 -0.040945 0.004700 0.095223 0.976461 -0.193535 5.245300 0.060305 0.188402 0.980239 0.258800 0.000000 0.000000 0.000000 1.000000
0.999684 -0.024274 0.006483 0.004700 0.025085 0.978855 -0.203009 5.245300 -0.001418 0.203108 0.979155 0.258800 0.000000 0.000000 0.000000 1.000000</float_array>
        <technique_common>
          <accessor source="#mixamorig_Spine-Matrix-animation-output-transform-array" count="19" stride="16">
            <param type="float4x4"/>
          </accessor>
        </technique_common>
      </source>
      <source id="mixamorig_Spine-Interpolations">
        <Name_array id="mixamorig_Spine-Interpolations-array" count="19">
 LINEAR LINEAR LINEAR LINEAR LINEAR LINEAR LINEAR LINEAR LINEAR LINEAR LINEAR
LINEAR LINEAR LINEAR LINEAR LINEAR LINEAR LINEAR LINEAR</Name_array>
        <technique_common>
          <accessor source="#mixamorig_Spine-Interpolations-array" count="19">
            <param type="name"/>
          </accessor>
        </technique_common>
      </source>
      <sampler id="mixamorig_Spine-Matrix-animation-transform">
        <input semantic="INPUT" source="#mixamorig_Spine-Matrix-animation-input"/>
        <input semantic="OUTPUT" source="#mixamorig_Spine-Matrix-animation-output-transform"/>
        <input semantic="INTERPOLATION" source="#mixamorig_Spine-Interpolations"/>
      </sampler>
      <channel source="#mixamorig_Spine-Matrix-animation-transform" target="mixamorig_Spine/matrix"/>
    </animation>
    <animation id="mixamorig_Spine1-anim" name="mixamorig_Spine1">
      <source id="mixamorig_Spine1-Matrix-animation-input">
        <float_array id="mixamorig_Spine1-Matrix-animation-input-array" count="19">

0.000000 0.033333 0.066667 0.100000 0.133333 0.166667 0.200000 0.233333 0.266667 0.300000 0.333333 0.366667 0.400000 0.433333 0.466667 0.500000
0.533333 0.566667 0.600000</float_array>
        <technique_common>
          <accessor source="#mixamorig_Spine1-Matrix-animation-input-array" count="19">
            <param name="TIME" type="float"/>
          </accessor>
        </technique_common>
      </source>
      <source id="mixamorig_Spine1-Matrix-animation-output-transform">
        <float_array id="mixamorig_Spine1-Matrix-animation-output-transform-array" count="304">

1.000000 -0.000693 -0.000390 -0.000000 0.000698 0.999931 0.011752 11.066900 0.000382 -0.011752 0.999931 0.000000 0.000000 0.000000 0.000000 1.000000
0.999965 0.006281 0.005535 -0.000000 -0.006344 0.999913 0.011589 11.066900 -0.005461 -0.011624 0.999918 0.000000 0.000000 0.000000 0.000000 1.000000
0.999842 0.016255 0.007178 0.000000 -0.016358 0.999760 0.014593 11.066900 -0.006939 -0.014708 0.999868 0.000000 0.000000 0.000000 0.000000 1.000000
0.999733 0.022747 0.004062 -0.000000 -0.022834 0.999479 0.022806 11.066900 -0.003541 -0.022892 0.999732 0.000000 0.000000 0.000000 0.000000 1.000000
0.999767 0.021204 -0.004141 0.000000 -0.021070 0.999324 0.030133 11.066900 0.004778 -0.030039 0.999537 0.000000 0.000000 0.000000 0.000000 1.000000
0.999718 0.018043 -0.015425 0.000000 -0.017618 0.999473 0.027271 11.066900 0.015909 -0.026991 0.999509 0.000000 0.000000 0.000000 0.000000 1.000000
0.999442 0.021566 -0.025514 0.000000 -0.021061 0.999580 0.019911 11.066900 0.025933 -0.019363 0.999476 0.000000 0.000000 0.000000 0.000000 1.000000
0.999002 0.031485 -0.031672 -0.000000 -0.030986 0.999389 0.016142 11.066900 0.032161 -0.015144 0.999368 0.000000 0.000000 0.000000 0.000000 1.000000
0.998668 0.036621 -0.036361 0.000000 -0.036046 0.999216 0.016352 11.066900 0.036931 -0.015020 0.999205 0.000000 0.000000 0.000000 0.000000 1.000000
0.998642 0.026809 -0.044664 0.000000 -0.026059 0.999511 0.017286 11.066900 0.045106 -0.016099 0.998852 0.000000 0.000000 0.000000 0.000000 1.000000
0.998325 0.005984 -0.057541 0.000000 -0.005050 0.999854 0.016350 11.066900 0.057630 -0.016032 0.998209 0.000000 0.000000 0.000000 0.000000 1.000000
0.997457 -0.013511 -0.069980 0.000000 0.014668 0.999764 0.016043 11.066900 0.069747 -0.017028 0.997419 0.000000 0.000000 0.000000 0.000000 1.000000
0.996846 -0.021305 -0.076443 0.000000 0.022961 0.999519 0.020858 11.066900 0.075962 -0.022548 0.996856 -0.000000 0.000000 0.000000 0.000000 1.000000
0.997101 -0.016716 -0.074225 0.000000 0.018652 0.999501 0.025479 11.066900 0.073762 -0.026789 0.996916 0.000000 0.000000 0.000000 0.000000 1.000000
0.997901 -0.011539 -0.063714 0.000000 0.013254 0.999559 0.026558 11.066900 0.063380 -0.027347 0.997615 0.000000 0.000000 0.000000 0.000000 1.000000
0.998816 -0.012258 -0.047069 0.000000 0.013387 0.999629 0.023733 11.066900 0.046761 -0.024335 0.998610 0.000000 0.000000 0.000000 0.000000 1.000000
0.999489 -0.015473 -0.027962 0.000000 0.016087 0.999631 0.021887 11.066900 0.027613 -0.022326 0.999369 0.000000 0.000000 0.000000 0.000000 1.000000
0.999882 -0.010658 -0.011056 0.000000 0.010843 0.999800 0.016812 11.066900 0.010875 -0.016930 0.999798 0.000000 0.000000 0.000000 0.000000 1.000000
1.000000 -0.000693 -0.000390 0.000000 0.000698 0.999931 0.011752 11.066900 0.000382 -0.011752 0.999931 0.000000 0.000000 0.000000 0.000000 1.000000</float_array>
        <technique_common>
          <accessor source="#mixamorig_Spine1-Matrix-animation-output-transform-array" count="19" stride="16">
            <param type="float4x4"/>
          </accessor>
        </technique_common>
      </source>
      <source id="mixamorig_Spine1-Interpolations">
        <Name_array id="mixamorig_Spine1-Interpolations-array" count="19">
 LINEAR LINEAR LINEAR LINEAR LINEAR LINEAR LINEAR LINEAR LINEAR LINEAR LINEAR
LINEAR LINEAR LINEAR LINEAR LINEAR LINEAR LINEAR LINEAR</Name_array>
        <technique_common>
          <accessor source="#mixamorig_Spine1-Interpolations-array" count="19">
            <param type="name"/>
          </accessor>
        </technique_common>
      </source>
      <sampler id="mixamorig_Spine1-Matrix-animation-transform">
        <input semantic="INPUT" source="#mixamorig_Spine1-Matrix-animation-input"/>
        <input semantic="OUTPUT" source="#mixamorig_Spine1-Matrix-animation-output-transform"/>
        <input semantic="INTERPOLATION" source="#mixamorig_Spine1-Interpolations"/>
      </sampler>
      <channel source="#mixamorig_Spine1-Matrix-animation-transform" target="mixamorig_Spine1/matrix"/>
    </animation>
    <animation id="mixamorig_Spine2-anim" name="mixamorig_Spine2">
      <source id="mixamorig_Spine2-Matrix-animation-input">
        <float_array id="mixamorig_Spine2-Matrix-animation-input-array" count="19">

0.000000 0.033333 0.066667 0.100000 0.133333 0.166667 0.200000 0.233333 0.266667 0.300000 0.333333 0.366667 0.400000 0.433333 0.466667 0.500000
0.533333 0.566667 0.600000</float_array>
        <technique_common>
          <accessor source="#mixamorig_Spine2-Matrix-animation-input-array" count="19">
            <param name="TIME" type="float"/>
          </accessor>
        </technique_common>
      </source>
      <source id="mixamorig_Spine2-Matrix-animation-output-transform">
        <float_array id="mixamorig_Spine2-Matrix-animation-output-transform-array" count="304">

0.999999 -0.000774 -0.000701 -0.000000 0.000625 0.981401 -0.191969 8.141900 0.000837 0.191969 0.981401 0.000000 0.000000 0.000000 0.000000 1.000000
0.999967 0.006760 0.004567 0.000000 -0.005756 0.981347 -0.192159 8.141900 -0.005780 0.192127 0.981353 0.000000 0.000000 0.000000 0.000000 1.000000
0.999845 0.016828 0.005086 0.000000 -0.015562 0.981810 -0.189229 8.141900 -0.008177 0.189121 0.981920 0.000000 0.000000 0.000000 0.000000 1.000000
0.999735 0.022983 0.001164 -0.000000 -0.022392 0.983204 -0.181129 8.141900 -0.005307 0.181055 0.983459 -0.000000 0.000000 0.000000 0.000000 1.000000
0.999765 0.020547 -0.006940 0.000000 -0.021441 0.984545 -0.173814 8.141900 0.003262 0.173921 0.984754 0.000000 0.000000 0.000000 0.000000 1.000000
0.999712 0.016024 -0.017891 0.000000 -0.018933 0.984119 -0.176496 8.141900 0.014778 0.176783 0.984139 0.000000 0.000000 0.000000 0.000000 1.000000
0.999427 0.018303 -0.028485 0.000000 -0.023229 0.982739 -0.183532 8.141900 0.024634 0.184089 0.982601 0.000000 0.000000 0.000000 0.000000 1.000000
0.998976 0.027447 -0.035977 0.000000 -0.033707 0.981793 -0.186942 8.141900 0.030191 0.187963 0.981712 0.000000 0.000000 0.000000 0.000000 1.000000
0.998633 0.031966 -0.041357 -0.000000 -0.039147 0.981677 -0.186486 8.141900 0.034638 0.187850 0.981587 0.000000 0.000000 0.000000 0.000000 1.000000
0.998607 0.021192 -0.048320 -0.000000 -0.029821 0.982187 -0.185526 8.141900 0.043527 0.186708 0.981451 -0.000000 0.000000 0.000000 0.000000 1.000000
0.998294 -0.000967 -0.058381 -0.000000 -0.009958 0.982396 -0.186546 8.141900 0.057533 0.186810 0.980710 0.000000 0.000000 0.000000 0.000000 1.000000
0.997434 -0.021781 -0.068204 0.000000 0.008666 0.982326 -0.186980 8.141900 0.071071 0.185909 0.979993 -0.000000 0.000000 0.000000 0.000000 1.000000
0.996828 -0.030548 -0.073487 -0.000000 0.016694 0.983114 -0.182231 8.141900 0.077812 0.180426 0.980506 0.000000 0.000000 0.000000 0.000000 1.000000
0.997077 -0.025925 -0.071871 0.000000 0.012805 0.984069 -0.177324 8.141900 0.075323 0.175886 0.981525 0.000000 0.000000 0.000000 0.000000 1.000000
0.997873 -0.019582 -0.062183 0.000000 0.008347 0.984347 -0.176043 8.141900 0.064657 0.175150 0.982416 -0.000000 0.000000 0.000000 0.000000 1.000000
0.998790 -0.018123 -0.045716 -0.000000 0.009654 0.983787 -0.179083 8.141900 0.048220 0.178425 0.982771 -0.000000 0.000000 0.000000 0.000000 1.000000
0.999476 -0.018865 -0.026309 -0.000000 0.013783 0.983297 -0.181484 8.141900 0.029293 0.181027 0.983042 -0.000000 0.000000 0.000000 0.000000 1.000000
0.999877 -0.011941 -0.010157 0.000000 0.009834 0.982341 -0.186842 8.141900 0.012208 0.186719 0.982338 0.000000 0.000000 0.000000 0.000000 1.000000
0.999999 -0.000774 -0.000702 -0.000000 0.000625 0.981401 -0.191969 8.141900 0.000837 0.191969 0.981401 0.000000 0.000000 0.000000 0.000000 1.000000</float_array>
        <technique_common>
          <accessor source="#mixamorig_Spine2-Matrix-animation-output-transform-array" count="19" stride="16">
            <param type="float4x4"/>
          </accessor>
        </technique_common>
      </source>
      <source id="mixamorig_Spine2-Interpolations">
        <Name_array id="mixamorig_Spine2-Interpolations-array" count="19">
 LINEAR LINEAR LINEAR LINEAR LINEAR LINEAR LINEAR LINEAR LINEAR LINEAR LINEAR
LINEAR LINEAR LINEAR LINEAR LINEAR LINEAR LINEAR LINEAR</Name_array>
        <technique_common>
          <accessor source="#mixamorig_Spine2-Interpolations-array" count="19">
            <param type="name"/>
          </accessor>
        </technique_common>
      </source>
      <sampler id="mixamorig_Spine2-Matrix-animation-transform">
        <input semantic="INPUT" source="#mixamorig_Spine2-Matrix-animation-input"/>
        <input semantic="OUTPUT" source="#mixamorig_Spine2-Matrix-animation-output-transform"/>
        <input semantic="INTERPOLATION" source="#mixamorig_Spine2-Interpolations"/>
      </sampler>
      <channel source="#mixamorig_Spine2-Matrix-animation-transform" target="mixamorig_Spine2/matrix"/>
    </animation>
    <animation id="mixamorig_Neck-anim" name="mixamorig_Neck">
      <source id="mixamorig_Neck-Matrix-animation-input">
        <float_array id="mixamorig_Neck-Matrix-animation-input-array" count="19">

0.000000 0.033333 0.066667 0.100000 0.133333 0.166667 0.200000 0.233333 0.266667 0.300000 0.333333 0.366667 0.400000 0.433333 0.466667 0.500000
0.533333 0.566667 0.600000</float_array>
        <technique_common>
          <accessor source="#mixamorig_Neck-Matrix-animation-input-array" count="19">
            <param name="TIME" type="float"/>
          </accessor>
        </technique_common>
      </source>
      <source id="mixamorig_Neck-Matrix-animation-output-transform">
        <float_array id="mixamorig_Neck-Matrix-animation-output-transform-array" count="304">

0.981372 -0.110328 0.157276 -0.112200 0.003850 0.829789 0.558065 18.919500 -0.192076 -0.547064 0.814756 -3.736100 0.000000 0.000000 0.000000 1.000000
0.988328 -0.088581 0.123938 -0.112200 -0.003153 0.801495 0.597993 18.919500 -0.152307 -0.591404 0.791861 -3.736100 0.000000 0.000000 0.000000 1.000000
0.992898 -0.101596 0.061896 -0.112200 0.042023 0.786265 0.616458 18.919500 -0.111296 -0.609479 0.784951 -3.736100 0.000000 0.000000 0.000000 1.000000
0.990234 -0.139395 0.002445 -0.112200 0.110330 0.794244 0.597498 18.919500 -0.085230 -0.591393 0.801866 -3.736100 0.000000 0.000000 0.000000 1.000000
0.985220 -0.170152 -0.019743 -0.112200 0.150020 0.801483 0.578894 18.919500 -0.082677 -0.573300 0.815164 -3.736100 0.000000 0.000000 0.000000 1.000000
0.980440 -0.196427 -0.012390 -0.112200 0.165456 0.788485 0.592381 18.919500 -0.106590 -0.582844 0.805562 -3.736100 0.000000 0.000000 0.000000 1.000000
0.975000 -0.221861 0.012352 -0.112200 0.170754 0.783659 0.597261 18.919500 -0.142189 -0.580221 0.801952 -3.736100 0.000000 0.000000 0.000000 1.000000
0.966621 -0.252877 0.041205 -0.112200 0.181670 0.789879 0.585737 18.919500 -0.180666 -0.558699 0.809453 -3.736100 0.000000 0.000000 0.000000 1.000000
0.955330 -0.285719 0.075561 -0.112200 0.190970 0.791916 0.579999 18.919500 -0.225555 -0.539661 0.811105 -3.736100 0.000000 0.000000 0.000000 1.000000
0.941533 -0.310845 0.129964 -0.112200 0.177255 0.785049 0.593531 18.919500 -0.286525 -0.535792 0.794248 -3.736100 0.000000 0.000000 0.000000 1.000000
0.919899 -0.340189 0.195084 -0.112200 0.154531 0.771668 0.616968 18.919500 -0.360425 -0.537401 0.762426 -3.736100 0.000000 0.000000 0.000000 1.000000
0.898150 -0.357237 0.256335 -0.112200 0.138636 0.783340 0.605936 18.919500 -0.417260 -0.508685 0.753083 -3.736100 0.000000 0.000000 0.000000 1.000000
0.895638 -0.326977 0.301526 -0.112200 0.122062 0.832580 0.540289 18.919500 -0.427706 -0.447099 0.785602 -3.736100 0.000000 0.000000 0.000000 1.000000
0.910686 -0.286428 0.297673 -0.112200 0.112310 0.865116 0.488837 18.919500 -0.397538 -0.411745 0.820018 -3.736100 0.000000 0.000000 0.000000 1.000000
0.928685 -0.254788 0.269496 -0.112200 0.102608 0.874809 0.473476 18.919500 -0.356394 -0.412058 0.838565 -3.736100 0.000000 0.000000 0.000000 1.000000
0.941217 -0.234840 0.242820 -0.112200 0.092987 0.871166 0.482102 18.919500 -0.324754 -0.431184 0.841793 -3.736100 0.000000 0.000000 0.000000 1.000000
0.954044 -0.193283 0.229002 -0.112200 0.058562 0.869708 0.490080 18.919500 -0.293889 -0.454147 0.841059 -3.736100 0.000000 0.000000 0.000000 1.000000
0.967804 -0.150371 0.201850 -0.112200 0.023619 0.852650 0.521948 18.919500 -0.250593 -0.500376 0.828750 -3.736100 0.000000 0.000000 0.000000 1.000000
0.981372 -0.110328 0.157276 -0.112200 0.003850 0.829789 0.558065 18.919500 -0.192076 -0.547064 0.814756 -3.736100 0.000000 0.000000 0.000000 1.000000</float_array>
        <technique_common>
          <accessor source="#mixamorig_Neck-Matrix-animation-output-transform-array" count="19" stride="16">
            <param type="float4x4"/>
          </accessor>
        </technique_common>
      </source>
      <source id="mixamorig_Neck-Interpolations">
        <Name_array id="mixamorig_Neck-Interpolations-array" count="19">
 LINEAR LINEAR LINEAR LINEAR LINEAR LINEAR LINEAR LINEAR LINEAR LINEAR LINEAR
LINEAR LINEAR LINEAR LINEAR LINEAR LINEAR LINEAR LINEAR</Name_array>
        <technique_common>
          <accessor source="#mixamorig_Neck-Interpolations-array" count="19">
            <param type="name"/>
          </accessor>
        </technique_common>
      </source>
      <sampler id="mixamorig_Neck-Matrix-animation-transform">
        <input semantic="INPUT" source="#mixamorig_Neck-Matrix-animation-input"/>
        <input semantic="OUTPUT" source="#mixamorig_Neck-Matrix-animation-output-transform"/>
        <input semantic="INTERPOLATION" source="#mixamorig_Neck-Interpolations"/>
      </sampler>
      <channel source="#mixamorig_Neck-Matrix-animation-transform" target="mixamorig_Neck/matrix"/>
    </animation>
    <animation id="mixamorig_Head-anim" name="mixamorig_Head">
      <source id="mixamorig_Head-Matrix-animation-input">
        <float_array id="mixamorig_Head-Matrix-animation-input-array" count="19">

0.000000 0.033333 0.066667 0.100000 0.133333 0.166667 0.200000 0.233333 0.266667 0.300000 0.333333 0.366667 0.400000 0.433333 0.466667 0.500000
0.533333 0.566667 0.600000</float_array>
        <technique_common>
          <accessor source="#mixamorig_Head-Matrix-animation-input-array" count="19">
            <param name="TIME" type="float"/>
          </accessor>
        </technique_common>
      </source>
      <source id="mixamorig_Head-Matrix-animation-output-transform">
        <float_array id="mixamorig_Head-Matrix-animation-output-transform-array" count="304">

0.876912 0.139061 0.460095 -0.000000 -0.134006 0.990011 -0.043819 8.673000 -0.461593 -0.023230 0.886788 3.319300 0.000000 0.000000 0.000000 1.000000
0.902388 0.093435 0.420672 0.000000 -0.070704 0.995084 -0.069349 8.673000 -0.425084 0.032836 0.904558 3.319300 0.000000 0.000000 0.000000 1.000000
0.924952 0.062252 0.374951 0.000000 -0.032820 0.995893 -0.084382 8.673000 -0.378664 0.065744 0.923196 3.319300 0.000000 0.000000 0.000000 1.000000
0.937300 0.064109 0.342578 0.000000 -0.035212 0.995326 -0.089923 8.673000 -0.346741 0.072222 0.935176 3.319300 0.000000 0.000000 0.000000 1.000000
0.939601 0.075631 0.333811 0.000000 -0.042365 0.993480 -0.105845 8.673000 -0.339640 0.085310 0.936679 3.319300 0.000000 0.000000 0.000000 1.000000
0.933401 0.072571 0.351420 0.000000 -0.030343 0.991791 -0.124217 8.673000 -0.357550 0.105281 0.927941 3.319300 0.000000 0.000000 0.000000 1.000000
0.921430 0.049146 0.385422 -0.000000 -0.009790 0.994590 -0.103418 8.673000 -0.388420 0.091519 0.916927 3.319300 0.000000 0.000000 0.000000 1.000000
0.906205 0.033277 0.421526 -0.000000 -0.008787 0.998165 -0.059908 8.673000 -0.422746 0.050585 0.904835 3.319300 0.000000 0.000000 0.000000 1.000000
0.884005 0.043865 0.465416 -0.000000 -0.032692 0.998951 -0.032056 8.673000 -0.466334 0.013123 0.884512 3.319300 0.000000 0.000000 0.000000 1.000000
0.846159 0.074573 0.527687 -0.000000 -0.065016 0.997210 -0.036672 8.673000 -0.528950 -0.003277 0.848647 3.319300 0.000000 0.000000 0.000000 1.000000
0.789333 0.118045 0.602511 0.000000 -0.092834 0.993007 -0.072933 8.673000 -0.606907 0.001634 0.794771 3.319300 0.000000 0.000000 0.000000 1.000000
0.733235 0.163601 0.660001 -0.000000 -0.122581 0.986525 -0.108358 8.673000 -0.668835 -0.001452 0.743409 3.319300 0.000000 0.000000 0.000000 1.000000
0.713517 0.189836 0.674430 0.000000 -0.159041 0.981351 -0.107968 8.673000 -0.682349 -0.030225 0.730402 3.319300 0.000000 0.000000 0.000000 1.000000
0.729634 0.196942 0.654865 0.000000 -0.176958 0.979389 -0.097376 8.673000 -0.660545 -0.044835 0.749446 3.319300 0.000000 0.000000 0.000000 1.000000
0.762000 0.187482 0.619844 -0.000000 -0.167855 0.981643 -0.090564 8.673000 -0.625445 -0.035034 0.779481 3.319300 0.000000 0.000000 0.000000 1.000000
0.788324 0.177288 0.589164 0.000000 -0.161587 0.983629 -0.079779 8.673000 -0.593662 -0.032309 0.804066 3.319300 0.000000 0.000000 0.000000 1.000000
0.813093 0.162189 0.559084 -0.000000 -0.159611 0.985711 -0.053827 8.673000 -0.559826 -0.045470 0.827362 3.319300 0.000000 0.000000 0.000000 1.000000
0.843416 0.148004 0.516473 -0.000000 -0.150565 0.987899 -0.037222 8.673000 -0.515732 -0.046370 0.855494 3.319300 0.000000 0.000000 0.000000 1.000000
0.876912 0.139061 0.460095 0.000000 -0.134006 0.990011 -0.043819 8.673000 -0.461593 -0.023230 0.886788 3.319300 0.000000 0.000000 0.000000 1.000000</float_array>
        <technique_common>
          <accessor source="#mixamorig_Head-Matrix-animation-output-transform-array" count="19" stride="16">
            <param type="float4x4"/>
          </accessor>
        </technique_common>
      </source>
      <source id="mixamorig_Head-Interpolations">
        <Name_array id="mixamorig_Head-Interpolations-array" count="19">
 LINEAR LINEAR LINEAR LINEAR LINEAR LINEAR LINEAR LINEAR LINEAR LINEAR LINEAR
LINEAR LINEAR LINEAR LINEAR LINEAR LINEAR LINEAR LINEAR</Name_array>
        <technique_common>
          <accessor source="#mixamorig_Head-Interpolations-array" count="19">
            <param type="name"/>
          </accessor>
        </technique_common>
      </source>
      <sampler id="mixamorig_Head-Matrix-animation-transform">
        <input semantic="INPUT" source="#mixamorig_Head-Matrix-animation-input"/>
        <input semantic="OUTPUT" source="#mixamorig_Head-Matrix-animation-output-transform"/>
        <input semantic="INTERPOLATION" source="#mixamorig_Head-Interpolations"/>
      </sampler>
      <channel source="#mixamorig_Head-Matrix-animation-transform" target="mixamorig_Head/matrix"/>
    </animation>
    <animation id="mixamorig_LeftShoulder-anim" name="mixamorig_LeftShoulder">
      <source id="mixamorig_LeftShoulder-Matrix-animation-input">
        <float_array id="mixamorig_LeftShoulder-Matrix-animation-input-array" count="19">

0.000000 0.033333 0.066667 0.100000 0.133333 0.166667 0.200000 0.233333 0.266667 0.300000 0.333333 0.366667 0.400000 0.433333 0.466667 0.500000
0.533333 0.566667 0.600000</float_array>
        <technique_common>
          <accessor source="#mixamorig_LeftShoulder-Matrix-animation-input-array" count="19">
            <param name="TIME" type="float"/>
          </accessor>
        </technique_common>
      </source>
      <source id="mixamorig_LeftShoulder-Matrix-animation-output-transform">
        <float_array id="mixamorig_LeftShoulder-Matrix-animation-output-transform-array" count="304">

0.387943 0.921259 -0.027954 6.339200 0.032575 -0.044015 -0.998500 14.952900 -0.921107 0.386451 -0.047085 -4.642900 0.000000 0.000000 0.000000 1.000000
0.378967 0.925394 -0.005582 6.339200 0.038084 -0.021622 -0.999041 14.952900 -0.924626 0.378390 -0.043437 -4.642900 0.000000 0.000000 0.000000 1.000000
0.364608 0.931161 -0.000784 6.339200 0.038834 -0.016047 -0.999117 14.952900 -0.930351 0.364256 -0.042011 -4.642900 0.000000 0.000000 0.000000 1.000000
0.379518 0.925018 -0.017531 6.339200 0.035072 -0.033320 -0.998829 14.952900 -0.924519 0.378459 -0.045087 -4.642900 0.000000 0.000000 0.000000 1.000000
0.387188 0.921507 -0.030157 6.339200 0.031996 -0.046117 -0.998423 14.952900 -0.921445 0.385613 -0.047340 -4.642900 0.000000 0.000000 0.000000 1.000000
0.387493 0.921407 -0.029294 6.339200 0.032222 -0.045295 -0.998454 14.952900 -0.921310 0.385950 -0.047241 -4.642900 0.000000 0.000000 0.000000 1.000000
0.390405 0.920417 -0.020425 6.339200 0.034563 -0.036823 -0.998724 14.952900 -0.919994 0.389201 -0.046188 -4.642900 0.000000 0.000000 0.000000 1.000000
0.392118 0.919798 -0.014671 6.339200 0.036092 -0.031319 -0.998858 14.952900 -0.919207 0.391141 -0.045478 -4.642900 0.000000 0.000000 0.000000 1.000000
0.392490 0.919660 -0.013316 6.339200 0.036453 -0.030021 -0.998884 14.952900 -0.919034 0.391567 -0.045307 -4.642900 0.000000 0.000000 0.000000 1.000000
0.395055 0.918651 -0.003505 6.339200 0.039079 -0.020617 -0.999023 14.952900 -0.917826 0.394533 -0.044045 -4.642900 0.000000 0.000000 0.000000 1.000000
0.364504 0.931048 0.016894 6.339200 0.043115 0.001248 -0.999069 14.952900 -0.930203 0.364893 -0.039687 -4.642900 0.000000 0.000000 0.000000 1.000000
0.361634 0.932089 0.020770 6.339200 0.043926 0.005219 -0.999021 14.952900 -0.931285 0.362192 -0.039056 -4.642900 0.000000 0.000000 0.000000 1.000000
0.394110 0.919037 -0.007005 6.339200 0.038138 -0.023969 -0.998985 14.952900 -0.918272 0.393443 -0.044497 -4.642900 0.000000 0.000000 0.000000 1.000000
0.382084 0.923078 -0.044039 6.339200 0.028386 -0.059355 -0.997833 14.952900 -0.923692 0.380006 -0.048881 -4.642900 0.000000 0.000000 0.000000 1.000000
0.373529 0.925437 -0.063576 6.339200 0.023431 -0.077928 -0.996684 14.952900 -0.927322 0.370801 -0.050792 -4.642900 0.000000 0.000000 0.000000 1.000000
0.373389 0.925468 -0.063949 6.339200 0.023338 -0.078284 -0.996658 14.952900 -0.927381 0.370649 -0.050829 -4.642900 0.000000 0.000000 0.000000 1.000000
0.378330 0.924139 -0.053228 6.339200 0.026036 -0.068102 -0.997339 14.952900 -0.925305 0.375937 -0.049826 -4.642900 0.000000 0.000000 0.000000 1.000000
0.384394 0.922381 -0.038143 6.339200 0.029912 -0.053740 -0.998107 14.952900 -0.922684 0.382525 -0.048248 -4.642900 0.000000 0.000000 0.000000 1.000000
0.387943 0.921259 -0.027955 6.339200 0.032575 -0.044016 -0.998500 14.952900 -0.921108 0.386450 -0.047085 -4.642900 0.000000 0.000000 0.000000 1.000000</float_array>
        <technique_common>
          <accessor source="#mixamorig_LeftShoulder-Matrix-animation-output-transform-array" count="19" stride="16">
            <param type="float4x4"/>
          </accessor>
        </technique_common>
      </source>
      <source id="mixamorig_LeftShoulder-Interpolations">
        <Name_array id="mixamorig_LeftShoulder-Interpolations-array" count="19">
 LINEAR LINEAR LINEAR LINEAR LINEAR LINEAR LINEAR LINEAR LINEAR LINEAR LINEAR
LINEAR LINEAR LINEAR LINEAR LINEAR LINEAR LINEAR LINEAR</Name_array>
        <technique_common>
          <accessor source="#mixamorig_LeftShoulder-Interpolations-array" count="19">
            <param type="name"/>
          </accessor>
        </technique_common>
      </source>
      <sampler id="mixamorig_LeftShoulder-Matrix-animation-transform">
        <input semantic="INPUT" source="#mixamorig_LeftShoulder-Matrix-animation-input"/>
        <input semantic="OUTPUT" source="#mixamorig_LeftShoulder-Matrix-animation-output-transform"/>
        <input semantic="INTERPOLATION" source="#mixamorig_LeftShoulder-Interpolations"/>
      </sampler>
      <channel source="#mixamorig_LeftShoulder-Matrix-animation-transform" target="mixamorig_LeftShoulder/matrix"/>
    </animation>
    <animation id="mixamorig_LeftArm-anim" name="mixamorig_LeftArm">
      <source id="mixamorig_LeftArm-Matrix-animation-input">
        <float_array id="mixamorig_LeftArm-Matrix-animation-input-array" count="19">

0.000000 0.033333 0.066667 0.100000 0.133333 0.166667 0.200000 0.233333 0.266667 0.300000 0.333333 0.366667 0.400000 0.433333 0.466667 0.500000
0.533333 0.566667 0.600000</float_array>
        <technique_common>
          <accessor source="#mixamorig_LeftArm-Matrix-animation-input-array" count="19">
            <param name="TIME" type="float"/>
          </accessor>
        </technique_common>
      </source>
      <source id="mixamorig_LeftArm-Matrix-animation-output-transform">
        <float_array id="mixamorig_LeftArm-Matrix-animation-output-transform-array" count="304">

0.302849 -0.952404 -0.034770 0.000000 0.688605 0.243896 -0.682889 9.143700 0.658867 0.182869 0.729694 0.000000 0.000000 0.000000 0.000000 1.000000
0.237069 -0.965186 -0.110516 0.000000 0.721795 0.251134 -0.644937 9.143700 0.650239 0.073125 0.756202 0.000000 0.000000 0.000000 0.000000 1.000000
0.128467 -0.984485 -0.119523 0.000000 0.738797 0.175406 -0.650701 9.143700 0.661570 -0.004710 0.749869 0.000000 0.000000 0.000000 0.000000 1.000000
0.047146 -0.995434 -0.082994 -0.000000 0.730166 0.091042 -0.677177 9.143700 0.681641 -0.028673 0.731124 0.000000 0.000000 0.000000 0.000000 1.000000
0.012351 -0.999652 -0.023326 0.000000 0.724012 0.025031 -0.689333 9.143700 0.689677 -0.008375 0.724069 0.000000 0.000000 0.000000 0.000000 1.000000
0.025595 -0.999494 0.018879 -0.000000 0.757848 0.007084 -0.652392 9.143700 0.651929 0.031006 0.757646 0.000000 0.000000 0.000000 0.000000 1.000000
0.062019 -0.997296 0.039415 0.000000 0.791504 0.025088 -0.610648 9.143700 0.608008 0.069069 0.790920 0.000000 0.000000 0.000000 0.000000 1.000000
0.098682 -0.994691 0.029173 -0.000000 0.778250 0.058874 -0.625188 9.143700 0.620152 0.084399 0.779929 0.000000 0.000000 0.000000 0.000000 1.000000
0.146258 -0.989243 0.002543 0.000000 0.736443 0.107165 -0.667957 9.143700 0.660500 0.099566 0.744195 0.000000 0.000000 0.000000 0.000000 1.000000
0.210101 -0.977406 -0.023138 0.000000 0.718597 0.170428 -0.674220 9.143700 0.662930 0.125027 0.738168 0.000000 0.000000 0.000000 0.000000 1.000000
0.258528 -0.966001 -0.002464 -0.000000 0.737989 0.199150 -0.644756 9.143700 0.623326 0.164870 0.764384 0.000000 0.000000 0.000000 0.000000 1.000000
0.327926 -0.944601 0.013901 0.000000 0.755539 0.253401 -0.604110 9.143700 0.567120 0.208607 0.796780 0.000000 0.000000 0.000000 0.000000 1.000000
0.401772 -0.915545 0.018901 0.000000 0.728259 0.306936 -0.612722 9.143700 0.555173 0.259940 0.790072 0.000000 0.000000 0.000000 0.000000 1.000000
0.408599 -0.910235 0.067231 0.000000 0.702616 0.266672 -0.659710 9.143700 0.582562 0.316794 0.748507 0.000000 0.000000 0.000000 0.000000 1.000000
0.397014 -0.917011 0.038339 0.000000 0.642835 0.248011 -0.724743 9.143700 0.655090 0.312379 0.687951 0.000000 0.000000 0.000000 0.000000 1.000000
0.392024 -0.919712 0.021145 0.000000 0.621382 0.247773 -0.743299 9.143700 0.678382 0.304530 0.668625 0.000000 0.000000 0.000000 0.000000 1.000000
0.402140 -0.915541 -0.008287 0.000000 0.633214 0.284646 -0.719734 9.143700 0.661304 0.284187 0.694201 -0.000000 0.000000 0.000000 0.000000 1.000000
0.383790 -0.922799 -0.033861 -0.000000 0.652740 0.297046 -0.696917 9.143700 0.653173 0.245368 0.716352 0.000000 0.000000 0.000000 0.000000 1.000000
0.302838 -0.952408 -0.034763 0.000000 0.688611 0.243883 -0.682888 9.143700 0.658866 0.182866 0.729696 -0.000000 0.000000 0.000000 0.000000 1.000000</float_array>
        <technique_common>
          <accessor source="#mixamorig_LeftArm-Matrix-animation-output-transform-array" count="19" stride="16">
            <param type="float4x4"/>
          </accessor>
        </technique_common>
      </source>
      <source id="mixamorig_LeftArm-Interpolations">
        <Name_array id="mixamorig_LeftArm-Interpolations-array" count="19">
 LINEAR LINEAR LINEAR LINEAR LINEAR LINEAR LINEAR LINEAR LINEAR LINEAR LINEAR
LINEAR LINEAR LINEAR LINEAR LINEAR LINEAR LINEAR LINEAR</Name_array>
        <technique_common>
          <accessor source="#mixamorig_LeftArm-Interpolations-array" count="19">
            <param type="name"/>
          </accessor>
        </technique_common>
      </source>
      <sampler id="mixamorig_LeftArm-Matrix-animation-transform">
        <input semantic="INPUT" source="#mixamorig_LeftArm-Matrix-animation-input"/>
        <input semantic="OUTPUT" source="#mixamorig_LeftArm-Matrix-animation-output-transform"/>
        <input semantic="INTERPOLATION" source="#mixamorig_LeftArm-Interpolations"/>
      </sampler>
      <channel source="#mixamorig_LeftArm-Matrix-animation-transform" target="mixamorig_LeftArm/matrix"/>
    </animation>
    <animation id="mixamorig_LeftForeArm-anim" name="mixamorig_LeftForeArm">
      <source id="mixamorig_LeftForeArm-Matrix-animation-input">
        <float_array id="mixamorig_LeftForeArm-Matrix-animation-input-array" count="19">

0.000000 0.033333 0.066667 0.100000 0.133333 0.166667 0.200000 0.233333 0.266667 0.300000 0.333333 0.366667 0.400000 0.433333 0.466667 0.500000
0.533333 0.566667 0.600000</float_array>
        <technique_common>
          <accessor source="#mixamorig_LeftForeArm-Matrix-animation-input-array" count="19">
            <param name="TIME" type="float"/>
          </accessor>
        </technique_common>
      </source>
      <source id="mixamorig_LeftForeArm-Matrix-animation-output-transform">
        <float_array id="mixamorig_LeftForeArm-Matrix-animation-output-transform-array" count="304">

