<?xml version="1.0" encoding="utf-8"?>
<COLLADA xmlns="http://www.collada.org/2005/11/COLLADASchema" version="1.4.1">
  <asset>
    <contributor>
      <author>Mixamo</author>
      <authoring_tool>COLLADA Mixamo exporter</authoring_tool>
      <comments/>
    </contributor>
    <created>2024-03-03T00:06:11Z</created>
    <modified>2024-03-03T00:06:11Z</modified>
    <revision/>
    <title/>
    <unit meter="0.010000"/>
    <up_axis>Y_UP</up_axis>
  </asset>
  <library_animations>
    <animation id="mixamorig_Hips-anim" name="mixamorig_Hips">
      <source id="mixamorig_Hips-Matrix-animation-input">
        <float_array id="mixamorig_Hips-Matrix-animation-input-array" count="26">

0.000000 0.033333 0.066667 0.100000 0.133333 0.166667 0.200000 0.233333 0.266667 0.300000 0.333333 0.366667 0.400000 0.433333 0.466667 0.500000
0.533333 0.566667 0.600000 0.633333 0.666667 0.700000 0.733333 0.766667 0.800000 0.833333</float_array>
        <technique_common>
          <accessor source="#mixamorig_Hips-Matrix-animation-input-array" count="26">
            <param name="TIME" type="float"/>
          </accessor>
        </technique_common>
      </source>
      <source id="mixamorig_Hips-Matrix-animation-output-transform">
        <float_array id="mixamorig_Hips-Matrix-animation-output-transform-array" count="416">

0.963558 -0.001843 -0.267494 -0.002224 -0.021616 0.996170 -0.084728 99.405182 0.266626 0.087422 0.959827 -0.004806 0.000000 0.000000 0.000000 1.000000
0.984950 0.002148 -0.172824 -2.659692 -0.018429 0.995528 -0.092655 99.640656 0.171852 0.094445 0.980585 -2.046753 0.000000 0.000000 0.000000 1.000000
0.995432 0.006005 -0.095281 -5.134667 -0.015592 0.994845 -0.100203 100.069862 0.094188 0.101231 0.990394 -4.133910 0.000000 0.000000 0.000000 1.000000
0.999608 0.011056 -0.025705 -7.391303 -0.013728 0.994246 -0.106239 100.541878 0.024382 0.106550 0.994008 -6.109645 0.000000 0.000000 0.000000 1.000000
0.999139 0.019126 0.036820 -9.319145 -0.015024 0.993969 -0.108627 100.867424 -0.038675 0.107980 0.993400 -7.810556 0.000000 0.000000 0.000000 1.000000
0.995008 0.028828 0.095542 -10.812567 -0.018477 0.994033 -0.107505 100.961678 -0.098071 0.105203 0.989603 -9.111795 0.000000 0.000000 0.000000 1.000000
0.987318 0.036887 0.154413 -11.782005 -0.020746 0.994270 -0.104867 100.895805 -0.157396 0.100334 0.982425 -9.966913 0.000000 0.000000 0.000000 1.000000
0.975525 0.041339 0.215970 -12.188843 -0.019380 0.994511 -0.102821 100.861259 -0.219035 0.096119 0.970971 -10.419488 0.000000 0.000000 0.000000 1.000000
0.958798 0.042508 0.280890 -12.068921 -0.014110 0.994647 -0.102360 100.981941 -0.283738 0.094179 0.954266 -10.570883 0.000000 0.000000 0.000000 1.000000
0.936455 0.042281 0.348232 -11.526179 -0.006581 0.994652 -0.103069 101.152893 -0.350727 0.094228 0.931725 -10.543600 0.000000 0.000000 0.000000 1.000000
0.908540 0.041310 0.415751 -10.731929 0.002045 0.994648 -0.103299 101.176575 -0.417793 0.094701 0.903593 -10.461835 0.000000 0.000000 0.000000 1.000000
0.877040 0.039329 0.478805 -9.873482 0.010488 0.994838 -0.100929 100.929840 -0.480303 0.093540 0.872100 -10.379069 0.000000 0.000000 0.000000 1.000000
0.846380 0.036821 0.531305 -9.107594 0.016664 0.995288 -0.095523 100.463310 -0.532319 0.089702 0.841778 -10.245521 0.000000 0.000000 0.000000 1.000000
0.820625 0.036006 0.570331 -8.528240 0.018530 0.995812 -0.089530 99.941216 -0.571166 0.084039 0.816521 -9.961455 0.000000 0.000000 0.000000 1.000000
0.799086 0.038104 0.600007 -8.166458 0.016698 0.996198 -0.085504 99.520454 -0.600984 0.078344 0.795412 -9.476889 0.000000 0.000000 0.000000 1.000000
0.776545 0.041765 0.628676 -8.003865 0.013738 0.996441 -0.083166 99.265007 -0.629912 0.073219 0.773207 -8.826263 0.000000 0.000000 0.000000 1.000000
0.748637 0.045139 0.661442 -8.005403 0.011059 0.996690 -0.080535 99.152725 -0.662888 0.067606 0.745660 -8.060728 0.000000 0.000000 0.000000 1.000000
0.715904 0.047452 0.696585 -8.153223 0.007926 0.997071 -0.076066 99.071159 -0.698154 0.059977 0.713431 -7.153410 0.000000 0.000000 0.000000 1.000000
0.682126 0.047986 0.729658 -8.438927 0.003536 0.997616 -0.068915 98.906487 -0.731226 0.049589 0.680330 -5.976686 0.000000 0.000000 0.000000 1.000000
0.648579 0.046563 0.759722 -8.825460 -0.002209 0.998238 -0.059296 98.644836 -0.761144 0.036780 0.647539 -4.382465 0.000000 0.000000 0.000000 1.000000
0.610256 0.044915 0.790930 -9.251624 -0.009200 0.998726 -0.049616 98.378876 -0.792151 0.023002 0.609892 -2.306660 0.000000 0.000000 0.000000 1.000000
0.558521 0.046081 0.828210 -9.673740 -0.017056 0.998883 -0.044075 98.246979 -0.829315 0.010491 0.558683 0.156822 0.000000 0.000000 0.000000 1.000000
0.489251 0.052098 0.870585 -10.094811 -0.024151 0.998641 -0.046189 98.311234 -0.871808 0.001573 0.489845 2.794010 0.000000 0.000000 0.000000 1.000000
0.408104 0.062460 0.910796 -10.525814 -0.027707 0.998045 -0.056029 98.547623 -0.912515 -0.002370 0.409037 5.387614 0.000000 0.000000 0.000000 1.000000
0.326097 0.075072 0.942351 -10.949614 -0.026592 0.997176 -0.070237 98.907906 -0.944962 -0.002155 0.327173 7.833624 0.000000 0.000000 0.000000 1.000000
0.258645 0.087432 0.962008 -11.267011 -0.021606 0.996170 -0.084728 99.405663 -0.965731 0.001129 0.259543 10.011685 0.000000 0.000000 0.000000 1.000000</float_array>
        <technique_common>
          <accessor source="#mixamorig_Hips-Matrix-animation-output-transform-array" count="26" stride="16">
            <param type="float4x4"/>
          </accessor>
        </technique_common>
      </source>
      <source id="mixamorig_Hips-Interpolations">
        <Name_array id="mixamorig_Hips-Interpolations-array" count="26">
 LINEAR LINEAR LINEAR LINEAR LINEAR LINEAR LINEAR LINEAR LINEAR LINEAR LINEAR
LINEAR LINEAR LINEAR LINEAR LINEAR LINEAR LINEAR LINEAR LINEAR LINEAR LINEAR LINEAR
LINEAR LINEAR LINEAR</Name_array>
        <technique_common>
          <accessor source="#mixamorig_Hips-Interpolations-array" count="26">
            <param type="name"/>
          </accessor>
        </technique_common>
      </source>
      <sampler id="mixamorig_Hips-Matrix-animation-transform">
        <input semantic="INPUT" source="#mixamorig_Hips-Matrix-animation-input"/>
        <input semantic="OUTPUT" source="#mixamorig_Hips-Matrix-animation-output-transform"/>
        <input semantic="INTERPOLATION" source="#mixamorig_Hips-Interpolations"/>
      </sampler>
      <channel source="#mixamorig_Hips-Matrix-animation-transform" target="mixamorig_Hips/matrix"/>
    </animation>
    <animation id="mixamorig_Spine-anim" name="mixamorig_Spine">
      <source id="mixamorig_Spine-Matrix-animation-input">
        <float_array id="mixamorig_Spine-Matrix-animation-input-array" count="26">

0.000000 0.033333 0.066667 0.100000 0.133333 0.166667 0.200000 0.233333 0.266667 0.300000 0.333333 0.366667 0.400000 0.433333 0.466667 0.500000
0.533333 0.566667 0.600000 0.633333 0.666667 0.700000 0.733333 0.766667 0.800000 0.833333</float_array>
        <technique_common>
          <accessor source="#mixamorig_Spine-Matrix-animation-input-array" count="26">
            <param name="TIME" type="float"/>
          </accessor>
        </technique_common>
      </source>
      <source id="mixamorig_Spine-Matrix-animation-output-transform">
        <float_array id="mixamorig_Spine-Matrix-animation-output-transform-array" count="416">

0.997010 0.000049 0.077279 0.004700 0.025706 0.942840 -0.332254 5.245300 -0.072878 0.333247 0.940019 0.258800 0.000000 0.000000 0.000000 1.000000
0.997609 0.018021 0.066726 0.004700 0.005020 0.943969 -0.329996 5.245300 -0.068934 0.329542 0.941621 0.258800 0.000000 0.000000 0.000000 1.000000
0.996617 0.041927 0.070687 0.004700 -0.015701 0.941372 -0.337004 5.245300 -0.080673 0.334754 0.938846 0.258800 0.000000 0.000000 0.000000 1.000000
0.994563 0.065002 0.081360 0.004700 -0.032904 0.937398 -0.346702 5.245300 -0.098803 0.342140 0.934440 0.258800 0.000000 0.000000 0.000000 1.000000
0.991560 0.085762 0.097229 0.004700 -0.046175 0.934377 -0.353280 5.245300 -0.121147 0.345809 0.930451 0.258800 0.000000 0.000000 0.000000 1.000000
0.988200 0.101790 0.114457 0.004700 -0.055254 0.933829 -0.353427 5.245300 -0.142858 0.342932 0.928434 0.258800 0.000000 0.000000 0.000000 1.000000
0.984940 0.110936 0.132613 0.004700 -0.058974 0.936576 -0.345468 5.245300 -0.162527 0.332444 0.929013 0.258800 0.000000 0.000000 0.000000 1.000000
0.982086 0.112393 0.151248 0.004700 -0.056616 0.941559 -0.332056 5.245300 -0.179729 0.317544 0.931055 0.258800 0.000000 0.000000 0.000000 1.000000
0.979986 0.106260 0.168335 0.004700 -0.048162 0.947055 -0.317439 5.245300 -0.193154 0.302978 0.933218 0.258800 0.000000 0.000000 0.000000 1.000000
0.979198 0.092648 0.180521 0.004700 -0.033680 0.951543 -0.305665 5.245300 -0.200093 0.293226 0.934870 0.258800 0.000000 0.000000 0.000000 1.000000
0.979915 0.073368 0.185429 0.004700 -0.014683 0.953880 -0.299829 5.245300 -0.198875 0.291085 0.935798 0.258800 0.000000 0.000000 0.000000 1.000000
0.981162 0.051968 0.186064 0.004700 0.006497 0.953716 -0.300639 5.245300 -0.193076 0.296185 0.935412 0.258800 0.000000 0.000000 0.000000 1.000000
0.981488 0.032387 0.188764 0.004700 0.027674 0.951272 -0.307107 5.245300 -0.189512 0.306646 0.932766 0.258800 0.000000 0.000000 0.000000 1.000000
0.980315 0.017018 0.196707 0.004700 0.046820 0.947825 -0.315334 5.245300 -0.191811 0.318336 0.928370 0.258800 0.000000 0.000000 0.000000 1.000000
0.978531 0.006265 0.206006 0.004700 0.061918 0.944428 -0.322833 5.245300 -0.196580 0.328658 0.923764 0.258800 0.000000 0.000000 0.000000 1.000000
0.977608 -0.001748 0.210427 0.004700 0.072958 0.940759 -0.331135 5.245300 -0.197382 0.339072 0.919821 0.258800 0.000000 0.000000 0.000000 1.000000
0.978449 -0.011702 0.206157 0.004700 0.083365 0.935795 -0.342547 5.245300 -0.188912 0.352352 0.916603 0.258800 0.000000 0.000000 0.000000 1.000000
0.980148 -0.025488 0.196621 0.004700 0.095609 0.929539 -0.356113 5.245300 -0.173690 0.367843 0.913523 0.258800 0.000000 0.000000 0.000000 1.000000
0.981865 -0.036806 0.185974 0.004700 0.104328 0.923976 -0.367945 5.245300 -0.158293 0.380675 0.911060 0.258800 0.000000 0.000000 0.000000 1.000000
0.983592 -0.040352 0.175838 0.004700 0.104885 0.920924 -0.375364 5.245300 -0.146787 0.387648 0.910046 0.258800 0.000000 0.000000 0.000000 1.000000
0.985790 -0.036773 0.163909 0.004700 0.096947 0.921393 -0.376346 5.245300 -0.137185 0.386888 0.911865 0.258800 0.000000 0.000000 0.000000 1.000000
0.988639 -0.030936 0.147089 0.004700 0.084049 0.925077 -0.370363 5.245300 -0.124612 0.378518 0.917167 0.258800 0.000000 0.000000 0.000000 1.000000
0.991756 -0.026084 0.125458 0.004700 0.070056 0.930157 -0.360417 5.245300 -0.107295 0.366234 0.924316 0.258800 0.000000 0.000000 0.000000 1.000000
0.994401 -0.022002 0.103352 0.004700 0.057044 0.935094 -0.349778 5.245300 -0.088948 0.353715 0.931114 0.258800 0.000000 0.000000 0.000000 1.000000
0.996277 -0.014738 0.084941 0.004700 0.042898 0.939389 -0.340158 5.245300 -0.074779 0.342535 0.936524 0.258800 0.000000 0.000000 0.000000 1.000000
0.997010 0.000058 0.077274 0.004700 0.025696 0.942840 -0.332255 5.245300 -0.072876 0.333247 0.940019 0.258800 0.000000 0.000000 0.000000 1.000000</float_array>
        <technique_common>
          <accessor source="#mixamorig_Spine-Matrix-animation-output-transform-array" count="26" stride="16">
            <param type="float4x4"/>
          </accessor>
        </technique_common>
      </source>
      <source id="mixamorig_Spine-Interpolations">
        <Name_array id="mixamorig_Spine-Interpolations-array" count="26">
 LINEAR LINEAR LINEAR LINEAR LINEAR LINEAR LINEAR LINEAR LINEAR LINEAR LINEAR
LINEAR LINEAR LINEAR LINEAR LINEAR LINEAR LINEAR LINEAR LINEAR LINEAR LINEAR LINEAR
LINEAR LINEAR LINEAR</Name_array>
        <technique_common>
          <accessor source="#mixamorig_Spine-Interpolations-array" count="26">
            <param type="name"/>
          </accessor>
        </technique_common>
      </source>
      <sampler id="mixamorig_Spine-Matrix-animation-transform">
        <input semantic="INPUT" source="#mixamorig_Spine-Matrix-animation-input"/>
        <input semantic="OUTPUT" source="#mixamorig_Spine-Matrix-animation-output-transform"/>
        <input semantic="INTERPOLATION" source="#mixamorig_Spine-Interpolations"/>
      </sampler>
      <channel source="#mixamorig_Spine-Matrix-animation-transform" target="mixamorig_Spine/matrix"/>
    </animation>
    <animation id="mixamorig_Spine1-anim" name="mixamorig_Spine1">
      <source id="mixamorig_Spine1-Matrix-animation-input">
        <float_array id="mixamorig_Spine1-Matrix-animation-input-array" count="26">

0.000000 0.033333 0.066667 0.100000 0.133333 0.166667 0.200000 0.233333 0.266667 0.300000 0.333333 0.366667 0.400000 0.433333 0.466667 0.500000
0.533333 0.566667 0.600000 0.633333 0.666667 0.700000 0.733333 0.766667 0.800000 0.833333</float_array>
        <technique_common>
          <accessor source="#mixamorig_Spine1-Matrix-animation-input-array" count="26">
            <param name="TIME" type="float"/>
          </accessor>
        </technique_common>
      </source>
      <source id="mixamorig_Spine1-Matrix-animation-output-transform">
        <float_array id="mixamorig_Spine1-Matrix-animation-output-transform-array" count="416">

0.999658 0.011649 0.023412 -0.000000 -0.011802 0.999910 0.006384 11.066900 -0.023335 -0.006659 0.999706 0.000000 0.000000 0.000000 0.000000 1.000000
0.999574 0.016350 0.024176 -0.000000 -0.016495 0.999847 0.005829 11.066900 -0.024077 -0.006225 0.999691 0.000000 0.000000 0.000000 0.000000 1.000000
0.999397 0.018854 0.029154 0.000000 -0.019079 0.999790 0.007467 11.066900 -0.029007 -0.008018 0.999547 0.000000 0.000000 0.000000 0.000000 1.000000
0.999130 0.021559 0.035690 -0.000000 -0.021994 0.999688 0.011841 11.066900 -0.035424 -0.012616 0.999293 0.000000 0.000000 0.000000 0.000000 1.000000
0.998830 0.023064 0.042495 0.000000 -0.023704 0.999612 0.014610 11.066900 -0.042142 -0.015600 0.998990 0.000000 0.000000 0.000000 0.000000 1.000000
0.998484 0.024133 0.049461 0.000000 -0.024891 0.999581 0.014766 11.066900 -0.049083 -0.015975 0.998667 0.000000 0.000000 0.000000 0.000000 1.000000
0.998096 0.025939 0.055960 0.000000 -0.026655 0.999572 0.012088 11.066900 -0.055623 -0.013557 0.998360 0.000000 0.000000 0.000000 0.000000 1.000000
0.997654 0.028717 0.062143 -0.000000 -0.029295 0.999535 0.008407 11.066900 -0.061873 -0.010208 0.998032 0.000000 0.000000 0.000000 0.000000 1.000000
0.997170 0.032339 0.067862 0.000000 -0.032746 0.999452 0.004887 11.066900 -0.067667 -0.007095 0.997683 -0.000000 0.000000 0.000000 0.000000 1.000000
0.996703 0.037251 0.072080 -0.000000 -0.037463 0.999297 0.001592 11.066900 -0.071970 -0.004287 0.997398 0.000000 0.000000 0.000000 0.000000 1.000000
0.996293 0.043701 0.074092 -0.000000 -0.043676 0.999044 -0.001960 11.066900 -0.074107 -0.001283 0.997249 0.000000 0.000000 0.000000 0.000000 1.000000
0.995937 0.050388 0.074631 -0.000000 -0.050062 0.998727 -0.006234 11.066900 -0.074850 0.002473 0.997192 0.000000 0.000000 0.000000 0.000000 1.000000
0.995602 0.055809 0.075248 0.000000 -0.055211 0.998425 -0.010005 11.066900 -0.075688 0.005807 0.997115 0.000000 0.000000 0.000000 0.000000 1.000000
0.995296 0.059287 0.076623 0.000000 -0.058461 0.998205 -0.012976 11.066900 -0.077255 0.008435 0.996976 0.000000 0.000000 0.000000 0.000000 1.000000
0.995126 0.060800 0.077640 -0.000000 -0.059763 0.998091 -0.015612 11.066900 -0.078441 0.010896 0.996859 0.000000 0.000000 0.000000 0.000000 1.000000
0.995233 0.060338 0.076624 0.000000 -0.059150 0.998093 -0.017675 11.066900 -0.077544 0.013059 0.996903 0.000000 0.000000 0.000000 0.000000 1.000000
0.995543 0.059213 0.073408 0.000000 -0.058032 0.998150 -0.018131 11.066900 -0.074345 0.013791 0.997137 -0.000000 0.000000 0.000000 0.000000 1.000000
0.995955 0.058559 0.068146 -0.000000 -0.057533 0.998200 -0.016922 11.066900 -0.069014 0.012933 0.997532 0.000000 0.000000 0.000000 0.000000 1.000000
0.996468 0.056173 0.062416 0.000000 -0.055285 0.998345 -0.015851 11.066900 -0.063203 0.012344 0.997924 -0.000000 0.000000 0.000000 0.000000 1.000000
0.997049 0.051437 0.056988 0.000000 -0.050610 0.998592 -0.015864 11.066900 -0.057724 0.012932 0.998249 0.000000 0.000000 0.000000 0.000000 1.000000
0.997651 0.044976 0.051664 0.000000 -0.044177 0.998887 -0.016516 11.066900 -0.052349 0.014195 0.998528 0.000000 0.000000 0.000000 0.000000 1.000000
0.998246 0.037779 0.045582 -0.000000 -0.037061 0.999177 -0.016503 11.066900 -0.046168 0.014785 0.998824 0.000000 0.000000 0.000000 0.000000 1.000000
0.998777 0.030809 0.038677 -0.000000 -0.030291 0.999445 -0.013893 11.066900 -0.039084 0.012704 0.999155 -0.000000 0.000000 0.000000 0.000000 1.000000
0.999190 0.024844 0.031653 0.000000 -0.024581 0.999660 -0.008672 11.066900 -0.031858 0.007887 0.999461 0.000000 0.000000 0.000000 0.000000 1.000000
0.999481 0.018674 0.026265 0.000000 -0.018626 0.999824 -0.002067 11.066900 -0.026299 0.001576 0.999653 0.000000 0.000000 0.000000 0.000000 1.000000
0.999658 0.011649 0.023412 -0.000000 -0.011802 0.999910 0.006385 11.066900 -0.023335 -0.006659 0.999706 0.000000 0.000000 0.000000 0.000000 1.000000</float_array>
        <technique_common>
          <accessor source="#mixamorig_Spine1-Matrix-animation-output-transform-array" count="26" stride="16">
            <param type="float4x4"/>
          </accessor>
        </technique_common>
      </source>
      <source id="mixamorig_Spine1-Interpolations">
        <Name_array id="mixamorig_Spine1-Interpolations-array" count="26">
 LINEAR LINEAR LINEAR LINEAR LINEAR LINEAR LINEAR LINEAR LINEAR LINEAR LINEAR
LINEAR LINEAR LINEAR LINEAR LINEAR LINEAR LINEAR LINEAR LINEAR LINEAR LINEAR LINEAR
LINEAR LINEAR LINEAR</Name_array>
        <technique_common>
          <accessor source="#mixamorig_Spine1-Interpolations-array" count="26">
            <param type="name"/>
          </accessor>
        </technique_common>
      </source>
      <sampler id="mixamorig_Spine1-Matrix-animation-transform">
        <input semantic="INPUT" source="#mixamorig_Spine1-Matrix-animation-input"/>
        <input semantic="OUTPUT" source="#mixamorig_Spine1-Matrix-animation-output-transform"/>
        <input semantic="INTERPOLATION" source="#mixamorig_Spine1-Interpolations"/>
      </sampler>
      <channel source="#mixamorig_Spine1-Matrix-animation-transform" target="mixamorig_Spine1/matrix"/>
    </animation>
    <animation id="mixamorig_Spine2-anim" name="mixamorig_Spine2">
      <source id="mixamorig_Spine2-Matrix-animation-input">
        <float_array id="mixamorig_Spine2-Matrix-animation-input-array" count="26">

0.000000 0.033333 0.066667 0.100000 0.133333 0.166667 0.200000 0.233333 0.266667 0.300000 0.333333 0.366667 0.400000 0.433333 0.466667 0.500000
0.533333 0.566667 0.600000 0.633333 0.666667 0.700000 0.733333 0.766667 0.800000 0.833333</float_array>
        <technique_common>
          <accessor source="#mixamorig_Spine2-Matrix-animation-input-array" count="26">
            <param name="TIME" type="float"/>
          </accessor>
        </technique_common>
      </source>
      <source id="mixamorig_Spine2-Matrix-animation-output-transform">
        <float_array id="mixamorig_Spine2-Matrix-animation-output-transform-array" count="416">

0.999628 0.014760 0.022928 -0.000000 -0.009955 0.980335 -0.197089 8.141900 -0.025387 0.196787 0.980118 0.000000 0.000000 0.000000 0.000000 1.000000
0.999554 0.019577 0.022530 0.000000 -0.014742 0.980160 -0.197660 8.141900 -0.025953 0.197239 0.980012 0.000000 0.000000 0.000000 0.000000 1.000000
0.999378 0.023107 0.026646 0.000000 -0.017441 0.980431 -0.196089 8.141900 -0.030656 0.195502 0.980224 0.000000 0.000000 0.000000 0.000000 1.000000
0.999108 0.027147 0.032350 -0.000000 -0.020451 0.981225 -0.191781 8.141900 -0.036949 0.190948 0.980905 0.000000 0.000000 0.000000 0.000000 1.000000
0.998812 0.030057 0.038361 -0.000000 -0.022281 0.981711 -0.189071 8.141900 -0.043343 0.187992 0.981214 -0.000000 0.000000 0.000000 0.000000 1.000000
0.998472 0.032567 0.044633 0.000000 -0.023573 0.981703 -0.188954 8.141900 -0.049970 0.187613 0.980971 0.000000 0.000000 0.000000 0.000000 1.000000
0.998090 0.035689 0.050417 -0.000000 -0.025408 0.981154 -0.191549 8.141900 -0.056303 0.189903 0.980187 -0.000000 0.000000 0.000000 0.000000 1.000000
0.997652 0.039663 0.055832 -0.000000 -0.028058 0.980380 -0.195111 8.141900 -0.062475 0.193086 0.979191 0.000000 0.000000 0.000000 0.000000 1.000000
0.997171 0.044333 0.060699 -0.000000 -0.031463 0.979577 -0.198591 8.141900 -0.068264 0.196120 0.978201 0.000000 0.000000 0.000000 0.000000 1.000000
0.996702 0.049934 0.063965 0.000000 -0.036077 0.978741 -0.201904 8.141900 -0.072687 0.198930 0.977314 0.000000 0.000000 0.000000 0.000000 1.000000
0.996282 0.056619 0.064932 0.000000 -0.042180 0.977768 -0.205404 8.141900 -0.075118 0.201901 0.976521 -0.000000 0.000000 0.000000 0.000000 1.000000
0.995914 0.063320 0.064387 -0.000000 -0.048542 0.976589 -0.209566 8.141900 -0.076149 0.205584 0.975672 0.000000 0.000000 0.000000 0.000000 1.000000
0.995566 0.068748 0.064208 -0.000000 -0.053609 0.975522 -0.213267 8.141900 -0.077298 0.208880 0.974882 0.000000 0.000000 0.000000 0.000000 1.000000
0.995243 0.072347 0.065250 0.000000 -0.056676 0.974691 -0.216251 8.141900 -0.079244 0.211524 0.974155 0.000000 0.000000 0.000000 0.000000 1.000000
0.995054 0.073957 0.066315 -0.000000 -0.057805 0.974032 -0.218906 8.141900 -0.080783 0.213990 0.973490 0.000000 0.000000 0.000000 0.000000 1.000000
0.995158 0.073271 0.065511 -0.000000 -0.057137 0.973605 -0.220973 8.141900 -0.079973 0.216160 0.973077 0.000000 0.000000 0.000000 0.000000 1.000000
0.995468 0.071542 0.062646 0.000000 -0.056024 0.973540 -0.221541 8.141900 -0.076838 0.217027 0.973137 0.000000 0.000000 0.000000 0.000000 1.000000
0.995869 0.069865 0.057992 0.000000 -0.055493 0.973857 -0.220279 8.141900 -0.071866 0.216151 0.973711 0.000000 0.000000 0.000000 0.000000 1.000000
0.996387 0.066356 0.053012 0.000000 -0.053216 0.974222 -0.219225 8.141900 -0.066193 0.215612 0.974233 0.000000 0.000000 0.000000 0.000000 1.000000
0.996980 0.060549 0.048617 0.000000 -0.048488 0.974456 -0.219284 8.141900 -0.060653 0.216264 0.974449 0.000000 0.000000 0.000000 0.000000 1.000000
0.997596 0.053021 0.044617 0.000000 -0.041960 0.974602 -0.219978 8.141900 -0.055147 0.217577 0.974484 -0.000000 0.000000 0.000000 0.000000 1.000000
0.998205 0.044628 0.039942 0.000000 -0.034786 0.974893 -0.219940 8.141900 -0.048755 0.218155 0.974695 0.000000 0.000000 0.000000 0.000000 1.000000
0.998748 0.036328 0.034401 0.000000 -0.028006 0.975708 -0.217276 8.141900 -0.041459 0.216041 0.975504 0.000000 0.000000 0.000000 0.000000 1.000000
0.999165 0.029101 0.028666 -0.000000 -0.022374 0.977015 -0.211993 8.141900 -0.034176 0.211175 0.976851 0.000000 0.000000 0.000000 0.000000 1.000000
0.999457 0.022079 0.024457 -0.000000 -0.016589 0.978522 -0.205473 8.141900 -0.028468 0.204956 0.978357 0.000000 0.000000 0.000000 0.000000 1.000000
0.999628 0.014760 0.022928 0.000000 -0.009955 0.980335 -0.197089 8.141900 -0.025387 0.196787 0.980118 0.000000 0.000000 0.000000 0.000000 1.000000</float_array>
        <technique_common>
          <accessor source="#mixamorig_Spine2-Matrix-animation-output-transform-array" count="26" stride="16">
            <param type="float4x4"/>
          </accessor>
        </technique_common>
      </source>
      <source id="mixamorig_Spine2-Interpolations">
        <Name_array id="mixamorig_Spine2-Interpolations-array" count="26">
 LINEAR LINEAR LINEAR LINEAR LINEAR LINEAR LINEAR LINEAR LINEAR LINEAR LINEAR
LINEAR LINEAR LINEAR LINEAR LINEAR LINEAR LINEAR LINEAR LINEAR LINEAR LINEAR LINEAR
LINEAR LINEAR LINEAR</Name_array>
        <technique_common>
          <accessor source="#mixamorig_Spine2-Interpolations-array" count="26">
            <param type="name"/>
          </accessor>
        </technique_common>
      </source>
      <sampler id="mixamorig_Spine2-Matrix-animation-transform">
        <input semantic="INPUT" source="#mixamorig_Spine2-Matrix-animation-input"/>
        <input semantic="OUTPUT" source="#mixamorig_Spine2-Matrix-animation-output-transform"/>
        <input semantic="INTERPOLATION" source="#mixamorig_Spine2-Interpolations"/>
      </sampler>
      <channel source="#mixamorig_Spine2-Matrix-animation-transform" target="mixamorig_Spine2/matrix"/>
    </animation>
    <animation id="mixamorig_Neck-anim" name="mixamorig_Neck">
      <source id="mixamorig_Neck-Matrix-animation-input">
        <float_array id="mixamorig_Neck-Matrix-animation-input-array" count="26">

0.000000 0.033333 0.066667 0.100000 0.133333 0.166667 0.200000 0.233333 0.266667 0.300000 0.333333 0.366667 0.400000 0.433333 0.466667 0.500000
0.533333 0.566667 0.600000 0.633333 0.666667 0.700000 0.733333 0.766667 0.800000 0.833333</float_array>
        <technique_common>
          <accessor source="#mixamorig_Neck-Matrix-animation-input-array" count="26">
            <param name="TIME" type="float"/>
          </accessor>
        </technique_common>
      </source>
      <source id="mixamorig_Neck-Matrix-animation-output-transform">
        <float_array id="mixamorig_Neck-Matrix-animation-output-transform-array" count="416">

0.999013 -0.039858 0.019593 -0.112200 0.034587 0.974937 0.219776 18.919500 -0.027862 -0.218881 0.975354 -3.736100 0.000000 0.000000 0.000000 1.000000
0.998547 -0.048423 0.023644 -0.112200 0.041245 0.969154 0.242979 18.919500 -0.034681 -0.241650 0.969743 -3.736100 0.000000 0.000000 0.000000 1.000000
0.998108 -0.050016 0.035752 -0.112200 0.038355 0.961048 0.273706 18.919500 -0.048049 -0.271817 0.961149 -3.736100 0.000000 0.000000 0.000000 1.000000
0.997355 -0.052528 0.050233 -0.112200 0.035527 0.955281 0.293557 18.919500 -0.063407 -0.290996 0.954621 -3.736100 0.000000 0.000000 0.000000 1.000000
0.996219 -0.054169 0.067929 -0.112200 0.030734 0.951008 0.307634 18.919500 -0.081265 -0.304383 0.949077 -3.736100 0.000000 0.000000 0.000000 1.000000
0.994683 -0.053545 0.087965 -0.112200 0.022945 0.947955 0.317577 18.919500 -0.100392 -0.313870 0.944144 -3.736100 0.000000 0.000000 0.000000 1.000000
0.993506 -0.047044 0.103599 -0.112200 0.011162 0.946425 0.322732 18.919500 -0.113232 -0.319480 0.940804 -3.736100 0.000000 0.000000 0.000000 1.000000
0.992656 -0.034593 0.115921 -0.112200 -0.004402 0.947281 0.320375 18.919500 -0.120892 -0.318532 0.940171 -3.736100 0.000000 0.000000 0.000000 1.000000
0.991778 -0.019209 0.126520 -0.112200 -0.021321 0.950048 0.311373 18.919500 -0.126181 -0.311511 0.941828 -3.736100 0.000000 0.000000 0.000000 1.000000
0.991058 -0.004592 0.133353 -0.112200 -0.036118 0.952864 0.301239 18.919500 -0.128450 -0.303362 0.944178 -3.736100 0.000000 0.000000 0.000000 1.000000
0.990534 0.006700 0.137107 -0.112200 -0.047390 0.954089 0.295752 18.919500 -0.128831 -0.299450 0.945374 -3.736100 0.000000 0.000000 0.000000 1.000000
0.990089 0.015777 0.139550 -0.112200 -0.056832 0.953684 0.295393 18.919500 -0.128426 -0.300396 0.945129 -3.736100 0.000000 0.000000 0.000000 1.000000
0.989514 0.023685 0.142482 -0.112200 -0.065319 0.953208 0.295176 18.919500 -0.128824 -0.301387 0.944759 -3.736100 0.000000 0.000000 0.000000 1.000000
0.989140 0.030933 0.143685 -0.112200 -0.072525 0.953020 0.294096 18.919500 -0.127837 -0.301323 0.944914 -3.736100 0.000000 0.000000 0.000000 1.000000
0.988957 0.038416 0.143134 -0.112200 -0.079797 0.951890 0.295868 18.919500 -0.124882 -0.304022 0.944444 -3.736100 0.000000 0.000000 0.000000 1.000000
0.988711 0.046650 0.142389 -0.112200 -0.088301 0.949154 0.302175 18.919500 -0.121052 -0.311337 0.942558 -3.736100 0.000000 0.000000 0.000000 1.000000
0.988205 0.052625 0.143813 -0.112200 -0.095471 0.945973 0.309873 18.919500 -0.119736 -0.319948 0.939839 -3.736100 0.000000 0.000000 0.000000 1.000000
0.988204 0.054286 0.143197 -0.112200 -0.097579 0.943872 0.315570 18.919500 -0.118029 -0.325821 0.938035 -3.736100 0.000000 0.000000 0.000000 1.000000
0.988705 0.052196 0.140493 -0.112200 -0.095090 0.943028 0.318836 18.919500 -0.115847 -0.328595 0.937339 -3.736100 0.000000 0.000000 0.000000 1.000000
0.989723 0.046694 0.135157 -0.112200 -0.088122 0.943540 0.319322 18.919500 -0.112615 -0.327951 0.937958 -3.736100 0.000000 0.000000 0.000000 1.000000
0.991154 0.038438 0.127028 -0.112200 -0.077036 0.946019 0.314823 18.919500 -0.108070 -0.321824 0.940612 -3.736100 0.000000 0.000000 0.000000 1.000000
0.992997 0.028781 0.114580 -0.112200 -0.062555 0.950844 0.303287 18.919500 -0.100219 -0.308331 0.945985 -3.736100 0.000000 0.000000 0.000000 1.000000
0.994882 0.017372 0.099537 -0.112200 -0.045190 0.957593 0.284557 18.919500 -0.090372 -0.287599 0.953478 -3.736100 0.000000 0.000000 0.000000 1.000000
0.997095 0.000076 0.076167 -0.112200 -0.020169 0.964566 0.263070 18.919500 -0.073448 -0.263842 0.961765 -3.736100 0.000000 0.000000 0.000000 1.000000
0.998708 -0.021030 0.046266 -0.112200 0.009177 0.970028 0.242821 18.919500 -0.049986 -0.242083 0.968967 -3.736100 0.000000 0.000000 0.000000 1.000000
0.999013 -0.039858 0.019593 -0.112200 0.034587 0.974937 0.219776 18.919500 -0.027861 -0.218881 0.975354 -3.736100 0.000000 0.000000 0.000000 1.000000</float_array>
        <technique_common>
          <accessor source="#mixamorig_Neck-Matrix-animation-output-transform-array" count="26" stride="16">
            <param type="float4x4"/>
          </accessor>
        </technique_common>
      </source>
      <source id="mixamorig_Neck-Interpolations">
        <Name_array id="mixamorig_Neck-Interpolations-array" count="26">
 LINEAR LINEAR LINEAR LINEAR LINEAR LINEAR LINEAR LINEAR LINEAR LINEAR LINEAR
LINEAR LINEAR LINEAR LINEAR LINEAR LINEAR LINEAR LINEAR LINEAR LINEAR LINEAR LINEAR
LINEAR LINEAR LINEAR</Name_array>
        <technique_common>
          <accessor source="#mixamorig_Neck-Interpolations-array" count="26">
            <param type="name"/>
          </accessor>
        </technique_common>
      </source>
      <sampler id="mixamorig_Neck-Matrix-animation-transform">
        <input semantic="INPUT" source="#mixamorig_Neck-Matrix-animation-input"/>
        <input semantic="OUTPUT" source="#mixamorig_Neck-Matrix-animation-output-transform"/>
        <input semantic="INTERPOLATION" source="#mixamorig_Neck-Interpolations"/>
      </sampler>
      <channel source="#mixamorig_Neck-Matrix-animation-transform" target="mixamorig_Neck/matrix"/>
    </animation>
    <animation id="mixamorig_Head-anim" name="mixamorig_Head">
      <source id="mixamorig_Head-Matrix-animation-input">
        <float_array id="mixamorig_Head-Matrix-animation-input-array" count="26">

0.000000 0.033333 0.066667 0.100000 0.133333 0.166667 0.200000 0.233333 0.266667 0.300000 0.333333 0.366667 0.400000 0.433333 0.466667 0.500000
0.533333 0.566667 0.600000 0.633333 0.666667 0.700000 0.733333 0.766667 0.800000 0.833333</float_array>
        <technique_common>
          <accessor source="#mixamorig_Head-Matrix-animation-input-array" count="26">
            <param name="TIME" type="float"/>
          </accessor>
        </technique_common>
      </source>
      <source id="mixamorig_Head-Matrix-animation-output-transform">
        <float_array id="mixamorig_Head-Matrix-animation-output-transform-array" count="416">

0.989033 0.057017 0.136242 0.000000 -0.088931 0.966406 0.241146 8.673000 -0.117916 -0.250617 0.960878 3.319300 0.000000 0.000000 0.000000 1.000000
0.986083 0.064522 0.153222 -0.000000 -0.099219 0.967890 0.230964 8.673000 -0.133400 -0.242952 0.960822 3.319300 0.000000 0.000000 0.000000 1.000000
0.979477 0.078379 0.185690 -0.000000 -0.117650 0.970383 0.210985 8.673000 -0.163654 -0.228502 0.959690 3.319300 0.000000 0.000000 0.000000 1.000000
0.968793 0.096077 0.228493 0.000000 -0.141761 0.970946 0.192790 8.673000 -0.203332 -0.219165 0.954266 3.319300 0.000000 0.000000 0.000000 1.000000
0.954618 0.112221 0.275882 -0.000000 -0.164756 0.970637 0.175269 8.673000 -0.248112 -0.212768 0.945077 3.319300 0.000000 0.000000 0.000000 1.000000
0.940697 0.122037 0.316539 0.000000 -0.180232 0.970268 0.161543 8.673000 -0.287413 -0.209013 0.934723 3.319300 0.000000 0.000000 0.000000 1.000000
0.930730 0.122971 0.344412 0.000000 -0.186028 0.970021 0.156376 8.673000 -0.314857 -0.209614 0.925703 3.319300 0.000000 0.000000 0.000000 1.000000
0.927547 0.121315 0.353467 0.000000 -0.187955 0.968948 0.160662 8.673000 -0.323000 -0.215458 0.921547 3.319300 0.000000 0.000000 0.000000 1.000000
0.929802 0.123325 0.346784 0.000000 -0.191923 0.966415 0.170905 8.673000 -0.314061 -0.225463 0.922243 3.319300 0.000000 0.000000 0.000000 1.000000
0.932841 0.129144 0.336346 -0.000000 -0.199107 0.962830 0.182525 8.673000 -0.300272 -0.237236 0.923881 3.319300 0.000000 0.000000 0.000000 1.000000
0.934244 0.136945 0.329294 -0.000000 -0.208097 0.959179 0.191496 8.673000 -0.289627 -0.247429 0.924605 3.319300 0.000000 0.000000 0.000000 1.000000
0.934892 0.144602 0.324140 0.000000 -0.216050 0.956411 0.196472 8.673000 -0.281601 -0.253710 0.925382 3.319300 0.000000 0.000000 0.000000 1.000000
0.936986 0.151066 0.315019 -0.000000 -0.220991 0.954650 0.199513 8.673000 -0.270594 -0.256557 0.927878 3.319300 0.000000 0.000000 0.000000 1.000000
0.941007 0.153613 0.301510 0.000000 -0.220922 0.953815 0.203544 8.673000 -0.256318 -0.258147 0.931483 3.319300 0.000000 0.000000 0.000000 1.000000
0.946111 0.150521 0.286737 0.000000 -0.214996 0.954087 0.208552 8.673000 -0.242181 -0.258961 0.935034 3.319300 0.000000 0.000000 0.000000 1.000000
0.951570 0.143706 0.271779 0.000000 -0.204843 0.955574 0.211938 8.673000 -0.229248 -0.257346 0.938732 3.319300 0.000000 0.000000 0.000000 1.000000
0.956895 0.138010 0.255551 0.000000 -0.194598 0.957836 0.211383 8.673000 -0.215603 -0.252001 0.943404 3.319300 0.000000 0.000000 0.000000 1.000000
0.961092 0.132699 0.242268 0.000000 -0.185103 0.960396 0.208271 8.673000 -0.205036 -0.245012 0.947592 3.319300 0.000000 0.000000 0.000000 1.000000
0.964919 0.125304 0.230716 0.000000 -0.174223 0.962995 0.205640 8.673000 -0.196411 -0.238622 0.951043 3.319300 0.000000 0.000000 0.000000 1.000000
0.969400 0.112775 0.218051 0.000000 -0.158665 0.965607 0.205980 8.673000 -0.187322 -0.234274 0.953953 3.319300 0.000000 0.000000 0.000000 1.000000
0.974937 0.094840 0.201254 -0.000000 -0.137619 0.967841 0.210581 8.673000 -0.174811 -0.233000 0.956636 3.319300 0.000000 0.000000 0.000000 1.000000
0.980418 0.074602 0.182247 0.000000 -0.114598 0.968761 0.219932 8.673000 -0.160147 -0.236511 0.958340 3.319300 0.000000 0.000000 0.000000 1.000000
0.984675 0.059605 0.163900 0.000000 -0.097335 0.967624 0.232872 8.673000 -0.144714 -0.245257 0.958596 3.319300 0.000000 0.000000 0.000000 1.000000
0.987968 0.053046 0.145279 0.000000 -0.087775 0.965720 0.244295 8.673000 -0.127340 -0.254107 0.958756 3.319300 0.000000 0.000000 0.000000 1.000000
0.989991 0.053335 0.130667 0.000000 -0.084715 0.965070 0.247919 8.673000 -0.112880 -0.256507 0.959928 3.319300 0.000000 0.000000 0.000000 1.000000
0.989033 0.057017 0.136242 0.000000 -0.088931 0.966406 0.241146 8.673000 -0.117916 -0.250617 0.960878 3.319300 0.000000 0.000000 0.000000 1.000000</float_array>
        <technique_common>
          <accessor source="#mixamorig_Head-Matrix-animation-output-transform-array" count="26" stride="16">
            <param type="float4x4"/>
          </accessor>
        </technique_common>
      </source>
      <source id="mixamorig_Head-Interpolations">
        <Name_array id="mixamorig_Head-Interpolations-array" count="26">
 LINEAR LINEAR LINEAR LINEAR LINEAR LINEAR LINEAR LINEAR LINEAR LINEAR LINEAR
LINEAR LINEAR LINEAR LINEAR LINEAR LINEAR LINEAR LINEAR LINEAR LINEAR LINEAR LINEAR
LINEAR LINEAR LINEAR</Name_array>
        <technique_common>
          <accessor source="#mixamorig_Head-Interpolations-array" count="26">
            <param type="name"/>
          </accessor>
        </technique_common>
      </source>
      <sampler id="mixamorig_Head-Matrix-animation-transform">
        <input semantic="INPUT" source="#mixamorig_Head-Matrix-animation-input"/>
        <input semantic="OUTPUT" source="#mixamorig_Head-Matrix-animation-output-transform"/>
        <input semantic="INTERPOLATION" source="#mixamorig_Head-Interpolations"/>
      </sampler>
      <channel source="#mixamorig_Head-Matrix-animation-transform" target="mixamorig_Head/matrix"/>
    </animation>
    <animation id="mixamorig_LeftShoulder-anim" name="mixamorig_LeftShoulder">
      <source id="mixamorig_LeftShoulder-Matrix-animation-input">
        <float_array id="mixamorig_LeftShoulder-Matrix-animation-input-array" count="26">

0.000000 0.033333 0.066667 0.100000 0.133333 0.166667 0.200000 0.233333 0.266667 0.300000 0.333333 0.366667 0.400000 0.433333 0.466667 0.500000
0.533333 0.566667 0.600000 0.633333 0.666667 0.700000 0.733333 0.766667 0.800000 0.833333</float_array>
        <technique_common>
          <accessor source="#mixamorig_LeftShoulder-Matrix-animation-input-array" count="26">
            <param name="TIME" type="float"/>
          </accessor>
        </technique_common>
      </source>
      <source id="mixamorig_LeftShoulder-Matrix-animation-output-transform">
        <float_array id="mixamorig_LeftShoulder-Matrix-animation-output-transform-array" count="416">

0.352799 0.935571 -0.015509 6.339200 0.126329 -0.064048 -0.989919 14.952900 -0.927132 0.347283 -0.140786 -4.642900 0.000000 0.000000 0.000000 1.000000
0.343087 0.939298 0.003083 6.339200 0.131924 -0.044936 -0.990241 14.952900 -0.929993 0.340146 -0.139332 -4.642900 0.000000 0.000000 0.000000 1.000000
0.334900 0.942095 0.017286 6.339200 0.138243 -0.030980 -0.989914 14.952900 -0.932057 0.333911 -0.140613 -4.642900 0.000000 0.000000 0.000000 1.000000
0.339381 0.940011 0.034625 6.339200 0.144691 -0.015797 -0.989351 14.952900 -0.929454 0.340777 -0.141372 -4.642900 0.000000 0.000000 0.000000 1.000000
0.350245 0.935253 0.051281 6.339200 0.151763 -0.002638 -0.988413 14.952900 -0.924282 0.353969 -0.142861 -4.642900 0.000000 0.000000 0.000000 1.000000
0.359775 0.930685 0.066232 6.339200 0.157488 0.009394 -0.987476 14.952900 -0.919652 0.365700 -0.143192 -4.642900 0.000000 0.000000 0.000000 1.000000
0.367952 0.926528 0.078472 6.339200 0.162585 0.018985 -0.986512 14.952900 -0.915520 0.375747 -0.143654 -4.642900 0.000000 0.000000 0.000000 1.000000
0.376078 0.922859 0.083042 6.339200 0.163061 0.022306 -0.986364 14.952900 -0.912127 0.384490 -0.142094 -4.642900 0.000000 0.000000 0.000000 1.000000
0.380623 0.921411 0.078279 6.339200 0.159696 0.017883 -0.987004 14.952900 -0.910837 0.388177 -0.140339 -4.642900 0.000000 0.000000 0.000000 1.000000
0.373296 0.925238 0.067708 6.339200 0.154534 0.009948 -0.987937 14.952900 -0.914751 0.379256 -0.139267 -4.642900 0.000000 0.000000 0.000000 1.000000
0.349175 0.935340 0.056704 6.339200 0.150161 0.003879 -0.988654 14.952900 -0.924948 0.353728 -0.139097 -4.642900 0.000000 0.000000 0.000000 1.000000
0.315536 0.947699 0.047986 6.339200 0.147461 0.000984 -0.989067 14.952900 -0.937386 0.319163 -0.139438 -4.642900 0.000000 0.000000 0.000000 1.000000
0.286202 0.957221 0.042625 6.339200 0.145727 0.000483 -0.989325 14.952900 -0.947023 0.289359 -0.139355 -4.642900 0.000000 0.000000 0.000000 1.000000
0.268199 0.962465 0.041593 6.339200 0.145469 0.002219 -0.989360 14.952900 -0.952317 0.271396 -0.139414 -4.642900 0.000000 0.000000 0.000000 1.000000
0.257231 0.965362 0.043696 6.339200 0.145987 0.005878 -0.989269 14.952900 -0.955259 0.260850 -0.139418 -4.642900 0.000000 0.000000 0.000000 1.000000
0.249806 0.967166 0.046768 6.339200 0.147760 0.009658 -0.988976 14.952900 -0.956956 0.253962 -0.140496 -4.642900 0.000000 0.000000 0.000000 1.000000
0.246028 0.967890 0.051573 6.339200 0.151374 0.014187 -0.988375 14.952900 -0.957370 0.250974 -0.143023 -4.642900 0.000000 0.000000 0.000000 1.000000
0.245886 0.967429 0.060175 6.339200 0.153361 0.022470 -0.987915 14.952900 -0.957090 0.252143 -0.142841 -4.642900 0.000000 0.000000 0.000000 1.000000
0.248897 0.966081 0.068834 6.339200 0.155925 0.030175 -0.987308 14.952900 -0.955896 0.256471 -0.143126 -4.642900 0.000000 0.000000 0.000000 1.000000
