<?xml version="1.0" encoding="utf-8"?>
<COLLADA xmlns="http://www.collada.org/2005/11/COLLADASchema" version="1.4.1">
  <asset>
    <contributor>
      <author>Mixamo</author>
      <authoring_tool>COLLADA Mixamo exporter</authoring_tool>
      <comments/>
    </contributor>
    <created>2024-03-05T19:56:57Z</created>
    <modified>2024-03-05T19:56:57Z</modified>
    <revision/>
    <title/>
    <unit meter="0.010000"/>
    <up_axis>Y_UP</up_axis>
  </asset>
  <library_animations>
    <animation id="mixamorig_Hips-anim" name="mixamorig_Hips">
      <source id="mixamorig_Hips-Matrix-animation-input">
        <float_array id="mixamorig_Hips-Matrix-animation-input-array" count="25">

0.000000 0.033333 0.066667 0.100000 0.133333 0.166667 0.200000 0.233333 0.266667 0.300000 0.333333 0.366667 0.400000 0.433333 0.466667 0.500000
0.533333 0.566667 0.600000 0.633333 0.666667 0.700000 0.733333 0.766667 0.800000</float_array>
        <technique_common>
          <accessor source="#mixamorig_Hips-Matrix-animation-input-array" count="25">
            <param name="TIME" type="float"/>
          </accessor>
        </technique_common>
      </source>
      <source id="mixamorig_Hips-Matrix-animation-output-transform">
        <float_array id="mixamorig_Hips-Matrix-animation-output-transform-array" count="400">

0.897469 -0.021683 -0.440544 -0.002139 -0.004072 0.998341 -0.057431 93.991608 0.441059 0.053337 0.895892 -0.001486 0.000000 0.000000 0.000000 1.000000
0.845437 -0.017629 -0.533785 0.407223 -0.001457 0.999375 -0.035313 93.970520 0.534074 0.030633 0.844883 2.819722 0.000000 0.000000 0.000000 1.000000
0.777724 -0.017773 -0.628354 0.998712 0.016748 0.999831 -0.007551 93.903397 0.628383 -0.004651 0.777891 5.583360 0.000000 0.000000 0.000000 1.000000
0.686639 -0.028706 -0.726432 1.743624 0.043904 0.999034 0.002020 93.628860 0.725672 -0.033280 0.687235 8.714495 0.000000 0.000000 0.000000 1.000000
0.554494 -0.034768 -0.831461 2.561403 0.077472 0.996945 0.009977 92.819656 0.828574 -0.069947 0.555493 12.863579 0.000000 0.000000 0.000000 1.000000
0.361562 -0.040761 -0.931457 3.297729 0.116128 0.993233 0.001613 91.028229 0.925088 -0.108752 0.363848 17.850439 0.000000 0.000000 0.000000 1.000000
0.110238 -0.050924 -0.992600 4.612070 0.166119 0.985583 -0.032115 89.014954 0.979925 -0.161349 0.117108 22.801462 0.000000 0.000000 0.000000 1.000000
-0.120905 -0.097419 -0.987872 6.456559 0.210702 0.969978 -0.121442 87.882996 0.970045 -0.222829 -0.096749 26.676285 0.000000 0.000000 0.000000 1.000000
-0.273113 -0.115078 -0.955074 7.851853 0.200980 0.964084 -0.173636 87.536819 0.940753 -0.239373 -0.240175 30.278236 0.000000 0.000000 0.000000 1.000000
-0.381957 -0.114635 -0.917043 8.841557 0.195825 0.959707 -0.201531 87.443771 0.903195 -0.256556 -0.344119 33.503056 0.000000 0.000000 0.000000 1.000000
-0.510431 -0.093491 -0.854822 9.296445 0.192850 0.956306 -0.219745 88.701950 0.838015 -0.277017 -0.470098 35.192829 0.000000 0.000000 0.000000 1.000000
-0.638117 -0.087846 -0.764911 9.129663 0.164160 0.955103 -0.246637 89.865349 0.752235 -0.282952 -0.595047 36.479836 0.000000 0.000000 0.000000 1.000000
-0.729203 -0.088299 -0.678577 8.578028 0.133475 0.954240 -0.267602 90.790947 0.671154 -0.285710 -0.684048 37.392365 0.000000 0.000000 0.000000 1.000000
-0.789145 -0.076169 -0.609465 7.909906 0.121378 0.953372 -0.276313 91.565964 0.602094 -0.292027 -0.743104 37.373276 0.000000 0.000000 0.000000 1.000000
-0.848131 -0.053939 -0.527034 7.065559 0.115160 0.952247 -0.282778 92.025146 0.517119 -0.300526 -0.801419 36.329655 0.000000 0.000000 0.000000 1.000000
-0.918325 -0.027926 -0.394841 5.854847 0.093792 0.953749 -0.285597 92.206268 0.384554 -0.299304 -0.873233 34.430862 0.000000 0.000000 0.000000 1.000000
-0.976183 -0.011501 -0.216641 4.397461 0.049099 0.960972 -0.272253 92.551628 0.211318 -0.276406 -0.937521 31.477720 0.000000 0.000000 0.000000 1.000000
-0.999755 0.001011 -0.022102 2.747927 0.006335 0.970213 -0.242170 93.317322 0.021199 -0.242251 -0.969982 27.436665 0.000000 0.000000 0.000000 1.000000
-0.991301 0.009166 0.131291 1.375120 -0.018690 0.977658 -0.209371 94.021149 -0.130277 -0.210004 -0.968982 22.455227 0.000000 0.000000 0.000000 1.000000
-0.971547 0.019571 0.236037 0.578887 -0.024235 0.983135 -0.181268 94.439270 -0.235604 -0.181831 -0.954687 17.501661 0.000000 0.000000 0.000000 1.000000
-0.949696 0.016642 0.312730 0.243274 -0.034143 0.987133 -0.156216 94.510498 -0.311306 -0.159035 -0.936908 13.153675 0.000000 0.000000 0.000000 1.000000
-0.924334 0.014513 0.381308 -0.054263 -0.035762 0.991583 -0.124433 94.382294 -0.379905 -0.128655 -0.916035 9.356706 0.000000 0.000000 0.000000 1.000000
-0.894475 0.017470 0.446776 -0.470816 -0.028821 0.994906 -0.096603 94.181137 -0.446187 -0.099286 -0.889415 6.123643 0.000000 0.000000 0.000000 1.000000
-0.860612 0.023927 0.508700 -0.997145 -0.014601 0.997326 -0.071613 93.899048 -0.509053 -0.069059 -0.857961 2.866342 0.000000 0.000000 0.000000 1.000000
-0.826729 0.028950 0.561855 -1.598689 -0.004072 0.998341 -0.057431 93.991623 -0.562585 -0.049768 -0.825240 -0.873517 0.000000 0.000000 0.000000 1.000000</float_array>
        <technique_common>
          <accessor source="#mixamorig_Hips-Matrix-animation-output-transform-array" count="25" stride="16">
            <param type="float4x4"/>
          </accessor>
        </technique_common>
      </source>
      <source id="mixamorig_Hips-Interpolations">
        <Name_array id="mixamorig_Hips-Interpolations-array" count="25">
 LINEAR LINEAR LINEAR LINEAR LINEAR LINEAR LINEAR LINEAR LINEAR LINEAR LINEAR
LINEAR LINEAR LINEAR LINEAR LINEAR LINEAR LINEAR LINEAR LINEAR LINEAR LINEAR LINEAR
LINEAR LINEAR</Name_array>
        <technique_common>
          <accessor source="#mixamorig_Hips-Interpolations-array" count="25">
            <param type="name"/>
          </accessor>
        </technique_common>
      </source>
      <sampler id="mixamorig_Hips-Matrix-animation-transform">
        <input semantic="INPUT" source="#mixamorig_Hips-Matrix-animation-input"/>
        <input semantic="OUTPUT" source="#mixamorig_Hips-Matrix-animation-output-transform"/>
        <input semantic="INTERPOLATION" source="#mixamorig_Hips-Interpolations"/>
      </sampler>
      <channel source="#mixamorig_Hips-Matrix-animation-transform" target="mixamorig_Hips/matrix"/>
    </animation>
    <animation id="mixamorig_Spine-anim" name="mixamorig_Spine">
      <source id="mixamorig_Spine-Matrix-animation-input">
        <float_array id="mixamorig_Spine-Matrix-animation-input-array" count="25">

0.000000 0.033333 0.066667 0.100000 0.133333 0.166667 0.200000 0.233333 0.266667 0.300000 0.333333 0.366667 0.400000 0.433333 0.466667 0.500000
0.533333 0.566667 0.600000 0.633333 0.666667 0.700000 0.733333 0.766667 0.800000</float_array>
        <technique_common>
          <accessor source="#mixamorig_Spine-Matrix-animation-input-array" count="25">
            <param name="TIME" type="float"/>
          </accessor>
        </technique_common>
      </source>
      <source id="mixamorig_Spine-Matrix-animation-output-transform">
        <float_array id="mixamorig_Spine-Matrix-animation-output-transform-array" count="400">

0.993985 -0.093182 -0.057538 0.004700 0.072993 0.955373 -0.286242 5.245300 0.081643 0.280321 0.956428 0.258800 0.000000 0.000000 0.000000 1.000000
0.994536 -0.098836 -0.033613 0.004700 0.084097 0.949268 -0.303014 5.245300 0.061856 0.298532 0.952393 0.258800 0.000000 0.000000 0.000000 1.000000
0.995061 -0.098693 -0.010673 0.004700 0.089957 0.941960 -0.323449 5.245300 0.041976 0.320891 0.946185 0.258800 0.000000 0.000000 0.000000 1.000000
0.994671 -0.101891 0.015771 0.004700 0.101543 0.941573 -0.321139 5.245300 0.017872 0.321029 0.946901 0.258800 0.000000 0.000000 0.000000 1.000000
0.990714 -0.123969 0.055838 0.004700 0.135133 0.943119 -0.303752 5.245300 -0.015006 0.308477 0.951113 0.258800 0.000000 0.000000 0.000000 1.000000
0.980444 -0.163480 0.109563 0.004700 0.187892 0.943181 -0.274056 5.245300 -0.058535 0.289283 0.955452 0.258800 0.000000 0.000000 0.000000 1.000000
0.974773 -0.170460 0.144090 0.004700 0.207009 0.931833 -0.298050 5.245300 -0.083462 0.320359 0.943612 0.258800 0.000000 0.000000 0.000000 1.000000
0.983467 -0.135985 0.119586 0.004700 0.168248 0.930383 -0.325698 5.245300 -0.066970 0.340434 0.937880 0.258800 0.000000 0.000000 0.000000 1.000000
0.983688 -0.166274 0.068633 0.004700 0.179862 0.914812 -0.361619 5.245300 -0.002658 0.368064 0.929796 0.258800 0.000000 0.000000 0.000000 1.000000
0.980999 -0.194012 0.000513 0.004700 0.178285 0.900429 -0.396789 5.245300 0.076520 0.389341 0.917910 0.258800 0.000000 0.000000 0.000000 1.000000
0.985470 -0.165327 -0.038924 0.004700 0.132220 0.890585 -0.435175 5.245300 0.106611 0.423705 0.899504 0.258800 0.000000 0.000000 0.000000 1.000000
0.986869 -0.156479 -0.040058 0.004700 0.122117 0.885115 -0.449065 5.245300 0.105725 0.438277 0.892601 0.258800 0.000000 0.000000 0.000000 1.000000
0.982716 -0.179536 -0.045121 0.004700 0.139346 0.877878 -0.458162 5.245300 0.121867 0.443956 0.887723 0.258800 0.000000 0.000000 0.000000 1.000000
0.977213 -0.197722 -0.077204 0.004700 0.140211 0.874369 -0.464564 5.245300 0.159360 0.443153 0.882168 0.258800 0.000000 0.000000 0.000000 1.000000
0.975549 -0.186133 -0.116870 0.004700 0.113252 0.881452 -0.458494 5.245300 0.188357 0.434048 0.880979 0.258800 0.000000 0.000000 0.000000 1.000000
0.979073 -0.157080 -0.129388 0.004700 0.084942 0.893186 -0.441592 5.245300 0.184933 0.421360 0.887837 0.258800 0.000000 0.000000 0.000000 1.000000
0.983733 -0.132220 -0.121602 0.004700 0.068648 0.902261 -0.425691 5.245300 0.166002 0.410419 0.896660 0.258800 0.000000 0.000000 0.000000 1.000000
0.987855 -0.119754 -0.098998 0.004700 0.069116 0.909328 -0.410300 5.245300 0.139157 0.398475 0.906561 0.258800 0.000000 0.000000 0.000000 1.000000
0.989958 -0.110840 -0.087730 0.004700 0.072007 0.929475 -0.361788 5.245300 0.121644 0.351838 0.928123 0.258800 0.000000 0.000000 0.000000 1.000000
0.990197 -0.106430 -0.090462 0.004700 0.073443 0.947587 -0.310943 5.245300 0.118814 0.301251 0.946114 0.258800 0.000000 0.000000 0.000000 1.000000
0.989616 -0.108559 -0.094204 0.004700 0.078560 0.957370 -0.277977 5.245300 0.120365 0.267689 0.955957 0.258800 0.000000 0.000000 0.000000 1.000000
0.990073 -0.110982 -0.086245 0.004700 0.083470 0.957955 -0.274507 5.245300 0.113085 0.264583 0.957710 0.258800 0.000000 0.000000 0.000000 1.000000
0.991833 -0.103626 -0.074364 0.004700 0.078805 0.956308 -0.281540 5.245300 0.100290 0.273381 0.956663 0.258800 0.000000 0.000000 0.000000 1.000000
0.993702 -0.092684 -0.062979 0.004700 0.070671 0.954519 -0.289653 5.245300 0.086961 0.283378 0.955058 0.258800 0.000000 0.000000 0.000000 1.000000
0.993985 -0.093182 -0.057538 0.004700 0.072993 0.955373 -0.286243 5.245300 0.081643 0.280321 0.956428 0.258800 0.000000 0.000000 0.000000 1.000000</float_array>
        <technique_common>
          <accessor source="#mixamorig_Spine-Matrix-animation-output-transform-array" count="25" stride="16">
            <param type="float4x4"/>
          </accessor>
        </technique_common>
      </source>
      <source id="mixamorig_Spine-Interpolations">
        <Name_array id="mixamorig_Spine-Interpolations-array" count="25">
 LINEAR LINEAR LINEAR LINEAR LINEAR LINEAR LINEAR LINEAR LINEAR LINEAR LINEAR
LINEAR LINEAR LINEAR LINEAR LINEAR LINEAR LINEAR LINEAR LINEAR LINEAR LINEAR LINEAR
LINEAR LINEAR</Name_array>
        <technique_common>
          <accessor source="#mixamorig_Spine-Interpolations-array" count="25">
            <param type="name"/>
          </accessor>
        </technique_common>
      </source>
      <sampler id="mixamorig_Spine-Matrix-animation-transform">
        <input semantic="INPUT" source="#mixamorig_Spine-Matrix-animation-input"/>
        <input semantic="OUTPUT" source="#mixamorig_Spine-Matrix-animation-output-transform"/>
        <input semantic="INTERPOLATION" source="#mixamorig_Spine-Interpolations"/>
      </sampler>
      <channel source="#mixamorig_Spine-Matrix-animation-transform" target="mixamorig_Spine/matrix"/>
    </animation>
    <animation id="mixamorig_Spine1-anim" name="mixamorig_Spine1">
      <source id="mixamorig_Spine1-Matrix-animation-input">
        <float_array id="mixamorig_Spine1-Matrix-animation-input-array" count="25">

0.000000 0.033333 0.066667 0.100000 0.133333 0.166667 0.200000 0.233333 0.266667 0.300000 0.333333 0.366667 0.400000 0.433333 0.466667 0.500000
0.533333 0.566667 0.600000 0.633333 0.666667 0.700000 0.733333 0.766667 0.800000</float_array>
        <technique_common>
          <accessor source="#mixamorig_Spine1-Matrix-animation-input-array" count="25">
            <param name="TIME" type="float"/>
          </accessor>
        </technique_common>
      </source>
      <source id="mixamorig_Spine1-Matrix-animation-output-transform">
        <float_array id="mixamorig_Spine1-Matrix-animation-output-transform-array" count="400">

0.999794 0.000910 -0.020280 0.000000 -0.001418 0.999684 -0.025091 11.066900 0.020250 0.025115 0.999479 0.000000 0.000000 0.000000 0.000000 1.000000
0.999863 0.002631 -0.016348 0.000000 -0.002952 0.999803 -0.019650 11.066900 0.016293 0.019695 0.999673 0.000000 0.000000 0.000000 0.000000 1.000000
0.999931 0.001779 -0.011593 -0.000000 -0.001965 0.999869 -0.016081 11.066900 0.011563 0.016102 0.999803 0.000000 0.000000 0.000000 0.000000 1.000000
0.999975 0.003583 -0.006142 0.000000 -0.003675 0.999880 -0.015075 11.066900 0.006088 0.015098 0.999867 0.000000 0.000000 0.000000 0.000000 1.000000
0.999923 0.012333 0.001038 0.000000 -0.012309 0.999714 -0.020490 11.066900 -0.001291 0.020476 0.999790 -0.000000 0.000000 0.000000 0.000000 1.000000
0.999640 0.024478 0.010946 0.000000 -0.024153 0.999290 -0.028926 11.066900 -0.011646 0.028651 0.999522 0.000000 0.000000 0.000000 0.000000 1.000000
0.999286 0.033616 0.017261 0.000000 -0.033241 0.999214 -0.021589 11.066900 -0.017974 0.020999 0.999618 -0.000000 0.000000 0.000000 0.000000 1.000000
0.999331 0.033808 0.013917 -0.000000 -0.033722 0.999411 -0.006353 11.066900 -0.014123 0.005880 0.999883 -0.000000 0.000000 0.000000 0.000000 1.000000
0.999314 0.037001 0.001435 0.000000 -0.037005 0.999310 0.003180 11.066900 -0.001317 -0.003231 0.999994 0.000000 0.000000 0.000000 0.000000 1.000000
0.999076 0.040661 -0.013894 0.000000 -0.040559 0.999148 0.007590 11.066900 0.014191 -0.007020 0.999875 -0.000000 0.000000 0.000000 0.000000 1.000000
0.999152 0.036261 -0.019492 -0.000000 -0.036063 0.999296 0.010383 11.066900 0.019855 -0.009672 0.999756 0.000000 0.000000 0.000000 0.000000 1.000000
0.999258 0.033128 -0.019664 0.000000 -0.032875 0.999374 0.013048 11.066900 0.020084 -0.012391 0.999722 0.000000 0.000000 0.000000 0.000000 1.000000
0.999276 0.029955 -0.023472 0.000000 -0.029625 0.999459 0.014319 11.066900 0.023888 -0.013614 0.999622 0.000000 0.000000 0.000000 0.000000 1.000000
0.999135 0.027085 -0.031550 0.000000 -0.026613 0.999529 0.015278 11.066900 0.031949 -0.014425 0.999385 -0.000000 0.000000 0.000000 0.000000 1.000000
0.999017 0.022070 -0.038448 0.000000 -0.021432 0.999627 0.016933 11.066900 0.038807 -0.016092 0.999117 -0.000000 0.000000 0.000000 0.000000 1.000000
0.999141 0.013753 -0.039084 0.000000 -0.013156 0.999794 0.015487 11.066900 0.039289 -0.014960 0.999116 0.000000 0.000000 0.000000 0.000000 1.000000
0.999311 0.004709 -0.036806 -0.000000 -0.004540 0.999979 0.004671 11.066900 0.036828 -0.004501 0.999311 0.000000 0.000000 0.000000 0.000000 1.000000
0.999510 0.000599 -0.031289 -0.000000 -0.000876 0.999960 -0.008853 11.066900 0.031283 0.008876 0.999471 0.000000 0.000000 0.000000 0.000000 1.000000
0.999592 -0.000649 -0.028548 -0.000000 0.000074 0.999797 -0.020130 11.066900 0.028555 0.020120 0.999390 0.000000 0.000000 0.000000 0.000000 1.000000
0.999597 -0.000857 -0.028373 0.000000 0.000083 0.999628 -0.027271 11.066900 0.028386 0.027258 0.999225 -0.000000 0.000000 0.000000 0.000000 1.000000
0.999583 -0.002190 -0.028798 0.000000 0.001250 0.999467 -0.032629 11.066900 0.028854 0.032580 0.999053 0.000000 0.000000 0.000000 0.000000 1.000000
0.999612 0.000536 -0.027851 0.000000 -0.001494 0.999407 -0.034409 11.066900 0.027816 0.034438 0.999020 0.000000 0.000000 0.000000 0.000000 1.000000
0.999691 0.001600 -0.024821 -0.000000 -0.002370 0.999516 -0.031020 11.066900 0.024760 0.031069 0.999211 -0.000000 0.000000 0.000000 0.000000 1.000000
0.999763 0.000460 -0.021784 0.000000 -0.001056 0.999626 -0.027334 11.066900 0.021763 0.027351 0.999389 0.000000 0.000000 0.000000 0.000000 1.000000
0.999794 0.000910 -0.020279 0.000000 -0.001418 0.999684 -0.025091 11.066900 0.020250 0.025115 0.999479 -0.000000 0.000000 0.000000 0.000000 1.000000</float_array>
        <technique_common>
          <accessor source="#mixamorig_Spine1-Matrix-animation-output-transform-array" count="25" stride="16">
            <param type="float4x4"/>
          </accessor>
        </technique_common>
      </source>
      <source id="mixamorig_Spine1-Interpolations">
        <Name_array id="mixamorig_Spine1-Interpolations-array" count="25">
 LINEAR LINEAR LINEAR LINEAR LINEAR LINEAR LINEAR LINEAR LINEAR LINEAR LINEAR
LINEAR LINEAR LINEAR LINEAR LINEAR LINEAR LINEAR LINEAR LINEAR LINEAR LINEAR LINEAR
LINEAR LINEAR</Name_array>
        <technique_common>
          <accessor source="#mixamorig_Spine1-Interpolations-array" count="25">
            <param type="name"/>
          </accessor>
        </technique_common>
      </source>
      <sampler id="mixamorig_Spine1-Matrix-animation-transform">
        <input semantic="INPUT" source="#mixamorig_Spine1-Matrix-animation-input"/>
        <input semantic="OUTPUT" source="#mixamorig_Spine1-Matrix-animation-output-transform"/>
        <input semantic="INTERPOLATION" source="#mixamorig_Spine1-Interpolations"/>
      </sampler>
      <channel source="#mixamorig_Spine1-Matrix-animation-transform" target="mixamorig_Spine1/matrix"/>
    </animation>
    <animation id="mixamorig_Spine2-anim" name="mixamorig_Spine2">
      <source id="mixamorig_Spine2-Matrix-animation-input">
        <float_array id="mixamorig_Spine2-Matrix-animation-input-array" count="25">

0.000000 0.033333 0.066667 0.100000 0.133333 0.166667 0.200000 0.233333 0.266667 0.300000 0.333333 0.366667 0.400000 0.433333 0.466667 0.500000
0.533333 0.566667 0.600000 0.633333 0.666667 0.700000 0.733333 0.766667 0.800000</float_array>
        <technique_common>
          <accessor source="#mixamorig_Spine2-Matrix-animation-input-array" count="25">
            <param name="TIME" type="float"/>
          </accessor>
        </technique_common>
      </source>
      <source id="mixamorig_Spine2-Matrix-animation-output-transform">
        <float_array id="mixamorig_Spine2-Matrix-animation-output-transform-array" count="400">

0.999506 -0.029745 0.010124 0.000000 0.030855 0.990048 -0.137303 8.141900 -0.005939 0.137548 0.990477 0.000000 0.000000 0.000000 0.000000 1.000000
0.999521 -0.027699 0.013805 0.000000 0.029280 0.990819 -0.131987 8.141900 -0.010022 0.132328 0.991155 0.000000 0.000000 0.000000 0.000000 1.000000
0.999433 -0.028003 0.018669 0.000000 0.030174 0.991247 -0.128528 8.141900 -0.014906 0.129019 0.991530 -0.000000 0.000000 0.000000 0.000000 1.000000
0.999384 -0.025518 0.024100 0.000000 0.028394 0.991403 -0.127728 8.141900 -0.020633 0.128334 0.991516 0.000000 0.000000 0.000000 0.000000 1.000000
0.999400 -0.015911 0.030769 0.000000 0.019890 0.990826 -0.133669 8.141900 -0.028359 0.134201 0.990548 0.000000 0.000000 0.000000 0.000000 1.000000
0.999197 -0.002676 0.039981 -0.000000 0.008374 0.989684 -0.143023 8.141900 -0.039186 0.143243 0.988912 0.000000 0.000000 0.000000 0.000000 1.000000
0.998921 0.007460 0.045834 0.000000 -0.001135 0.990639 -0.136504 8.141900 -0.046423 0.136305 0.989579 -0.000000 0.000000 0.000000 0.000000 1.000000
0.999060 0.007583 0.042684 0.000000 -0.002363 0.992645 -0.121040 8.141900 -0.043287 0.120825 0.991730 -0.000000 0.000000 0.000000 0.000000 1.000000
0.999502 0.009370 0.030123 0.000000 -0.005964 0.993776 -0.111235 8.141900 -0.030978 0.111000 0.993337 0.000000 0.000000 0.000000 0.000000 1.000000
0.999834 0.011042 0.014476 0.000000 -0.009441 0.994284 -0.106349 8.141900 -0.015568 0.106195 0.994223 0.000000 0.000000 0.000000 0.000000 1.000000
0.999942 0.005874 0.009012 -0.000000 -0.004913 0.994649 -0.103199 8.141900 -0.009570 0.103149 0.994620 0.000000 0.000000 0.000000 0.000000 1.000000
0.999956 0.002712 0.008954 0.000000 -0.001799 0.994942 -0.100439 8.141900 -0.009182 0.100418 0.994903 -0.000000 0.000000 0.000000 0.000000 1.000000
0.999985 -0.001024 0.005354 0.000000 0.001549 0.995088 -0.098978 8.141900 -0.005227 0.098985 0.995075 0.000000 0.000000 0.000000 0.000000 1.000000
0.999983 -0.005206 -0.002658 0.000000 0.004922 0.995205 -0.097691 8.141900 0.003154 0.097676 0.995213 0.000000 0.000000 0.000000 0.000000 1.000000
0.999889 -0.011502 -0.009462 0.000000 0.010544 0.995352 -0.095720 8.141900 0.010519 0.095610 0.995363 0.000000 0.000000 0.000000 0.000000 1.000000
0.999754 -0.019965 -0.009628 0.000000 0.018938 0.995101 -0.097033 8.141900 0.011518 0.096827 0.995235 0.000000 0.000000 0.000000 0.000000 1.000000
0.999574 -0.028388 -0.006721 0.000000 0.027500 0.993801 -0.107723 8.141900 0.009737 0.107492 0.994158 0.000000 0.000000 0.000000 0.000000 1.000000
0.999507 -0.031375 -0.000823 0.000000 0.031044 0.992144 -0.121189 8.141900 0.004619 0.121103 0.992629 0.000000 0.000000 0.000000 0.000000 1.000000
0.999480 -0.032178 0.001936 0.000000 0.032151 0.990684 -0.132327 8.141900 0.002340 0.132321 0.991204 0.000000 0.000000 0.000000 0.000000 1.000000
0.999474 -0.032371 0.002061 0.000000 0.032342 0.989712 -0.139369 8.141900 0.002472 0.139363 0.990238 0.000000 0.000000 0.000000 0.000000 1.000000
0.999428 -0.033777 0.001697 -0.000000 0.033667 0.988915 -0.144613 8.141900 0.003207 0.144587 0.989487 0.000000 0.000000 0.000000 0.000000 1.000000
0.999516 -0.031027 0.002321 -0.000000 0.031033 0.988739 -0.146395 8.141900 0.002247 0.146397 0.989223 0.000000 0.000000 0.000000 0.000000 1.000000
0.999546 -0.029643 0.005304 -0.000000 0.030097 0.989250 -0.143103 8.141900 -0.001005 0.143197 0.989694 0.000000 0.000000 0.000000 0.000000 1.000000
0.999501 -0.030408 0.008510 0.000000 0.031298 0.989731 -0.139472 8.141900 -0.004182 0.139669 0.990189 0.000000 0.000000 0.000000 0.000000 1.000000
0.999506 -0.029745 0.010124 -0.000000 0.030855 0.990048 -0.137303 8.141900 -0.005939 0.137548 0.990477 0.000000 0.000000 0.000000 0.000000 1.000000</float_array>
        <technique_common>
          <accessor source="#mixamorig_Spine2-Matrix-animation-output-transform-array" count="25" stride="16">
            <param type="float4x4"/>
          </accessor>
        </technique_common>
      </source>
      <source id="mixamorig_Spine2-Interpolations">
        <Name_array id="mixamorig_Spine2-Interpolations-array" count="25">
 LINEAR LINEAR LINEAR LINEAR LINEAR LINEAR LINEAR LINEAR LINEAR LINEAR LINEAR
LINEAR LINEAR LINEAR LINEAR LINEAR LINEAR LINEAR LINEAR LINEAR LINEAR LINEAR LINEAR
LINEAR LINEAR</Name_array>
        <technique_common>
          <accessor source="#mixamorig_Spine2-Interpolations-array" count="25">
            <param type="name"/>
          </accessor>
        </technique_common>
      </source>
      <sampler id="mixamorig_Spine2-Matrix-animation-transform">
        <input semantic="INPUT" source="#mixamorig_Spine2-Matrix-animation-input"/>
        <input semantic="OUTPUT" source="#mixamorig_Spine2-Matrix-animation-output-transform"/>
        <input semantic="INTERPOLATION" source="#mixamorig_Spine2-Interpolations"/>
      </sampler>
      <channel source="#mixamorig_Spine2-Matrix-animation-transform" target="mixamorig_Spine2/matrix"/>
    </animation>
    <animation id="mixamorig_Neck-anim" name="mixamorig_Neck">
      <source id="mixamorig_Neck-Matrix-animation-input">
        <float_array id="mixamorig_Neck-Matrix-animation-input-array" count="25">

0.000000 0.033333 0.066667 0.100000 0.133333 0.166667 0.200000 0.233333 0.266667 0.300000 0.333333 0.366667 0.400000 0.433333 0.466667 0.500000
0.533333 0.566667 0.600000 0.633333 0.666667 0.700000 0.733333 0.766667 0.800000</float_array>
        <technique_common>
          <accessor source="#mixamorig_Neck-Matrix-animation-input-array" count="25">
            <param name="TIME" type="float"/>
          </accessor>
        </technique_common>
      </source>
      <source id="mixamorig_Neck-Matrix-animation-output-transform">
        <float_array id="mixamorig_Neck-Matrix-animation-output-transform-array" count="400">

0.990407 0.122663 0.063624 -0.112200 -0.136518 0.939829 0.313183 18.919500 -0.021379 -0.318864 0.947559 -3.736100 0.000000 0.000000 0.000000 1.000000
0.989348 0.123472 0.077105 -0.112200 -0.140899 0.945333 0.294097 18.919500 -0.036577 -0.301828 0.952660 -3.736100 0.000000 0.000000 0.000000 1.000000
0.986271 0.133779 0.096815 -0.112200 -0.155957 0.947318 0.279759 18.919500 -0.054289 -0.291017 0.955176 -3.736100 0.000000 0.000000 0.000000 1.000000
0.981829 0.146591 0.120513 -0.112200 -0.175090 0.944670 0.277385 18.919500 -0.073183 -0.293445 0.953171 -3.736100 0.000000 0.000000 0.000000 1.000000
0.975365 0.162660 0.149011 -0.112200 -0.199192 0.939675 0.278087 18.919500 -0.094788 -0.300918 0.948927 -3.736100 0.000000 0.000000 0.000000 1.000000
0.966495 0.180974 0.182034 -0.112200 -0.227156 0.933265 0.278236 18.919500 -0.119533 -0.310264 0.943106 -3.736100 0.000000 0.000000 0.000000 1.000000
0.956475 0.191954 0.219793 -0.112200 -0.250711 0.925976 0.282333 18.919500 -0.149328 -0.325149 0.933798 -3.736100 0.000000 0.000000 0.000000 1.000000
0.954182 0.194057 0.227770 -0.112200 -0.262299 0.908761 0.324579 18.919500 -0.144001 -0.369451 0.918025 -3.736100 0.000000 0.000000 0.000000 1.000000
0.965739 0.188971 0.177874 -0.112200 -0.243062 0.898806 0.364785 18.919500 -0.090940 -0.395522 0.913943 -3.736100 0.000000 0.000000 0.000000 1.000000
0.980267 0.179801 0.082142 -0.112200 -0.197650 0.898200 0.392646 18.919500 -0.003182 -0.401133 0.916014 -3.736100 0.000000 0.000000 0.000000 1.000000
0.979203 0.201694 -0.021951 -0.112200 -0.178066 0.906224 0.383471 18.919500 0.097236 -0.371587 0.923292 -3.736100 0.000000 0.000000 0.000000 1.000000
0.976781 0.188314 -0.102165 -0.112200 -0.140140 0.922301 0.360169 18.919500 0.162051 -0.337489 0.927276 -3.736100 0.000000 0.000000 0.000000 1.000000
0.976504 0.169219 -0.133432 -0.112200 -0.111686 0.926943 0.358194 18.919500 0.184297 -0.334876 0.924063 -3.736100 0.000000 0.000000 0.000000 1.000000
0.978726 0.158747 -0.129978 -0.112200 -0.104192 0.930311 0.351662 18.919500 0.176745 -0.330638 0.927060 -3.736100 0.000000 0.000000 0.000000 1.000000
0.981618 0.153342 -0.113636 -0.112200 -0.106386 0.933926 0.341268 18.919500 0.158458 -0.322905 0.933072 -3.736100 0.000000 0.000000 0.000000 1.000000
0.984059 0.152525 -0.091455 -0.112200 -0.114206 0.936176 0.332462 18.919500 0.136327 -0.316717 0.938672 -3.736100 0.000000 0.000000 0.000000 1.000000
0.987135 0.147842 -0.060881 -0.112200 -0.118493 0.932108 0.342250 18.919500 0.107346 -0.330633 0.937635 -3.736100 0.000000 0.000000 0.000000 1.000000
0.989416 0.142188 -0.028953 -0.112200 -0.122400 0.924980 0.359765 18.919500 0.077935 -0.352413 0.932594 -3.736100 0.000000 0.000000 0.000000 1.000000
0.990108 0.140290 -0.002347 -0.112200 -0.130430 0.926431 0.353147 18.919500 0.051717 -0.349348 0.935565 -3.736100 0.000000 0.000000 0.000000 1.000000
0.990517 0.136405 0.016443 -0.112200 -0.133707 0.929485 0.343773 18.919500 0.031609 -0.342712 0.938909 -3.736100 0.000000 0.000000 0.000000 1.000000
0.991773 0.125039 0.027397 -0.112200 -0.126658 0.927624 0.351386 18.919500 0.018523 -0.351965 0.935830 -3.736100 0.000000 0.000000 0.000000 1.000000
0.992875 0.114435 0.033234 -0.112200 -0.118813 0.929322 0.349633 18.919500 0.009126 -0.351090 0.936297 -3.736100 0.000000 0.000000 0.000000 1.000000
0.992744 0.113226 0.040489 -0.112200 -0.120248 0.935259 0.332914 18.919500 -0.000173 -0.335367 0.942088 -3.736100 0.000000 0.000000 0.000000 1.000000
0.991181 0.121113 0.053776 -0.112200 -0.131972 0.938894 0.317901 18.919500 -0.011988 -0.322194 0.946598 -3.736100 0.000000 0.000000 0.000000 1.000000
0.990407 0.122663 0.063624 -0.112200 -0.136518 0.939829 0.313183 18.919500 -0.021379 -0.318864 0.947559 -3.736100 0.000000 0.000000 0.000000 1.000000</float_array>
        <technique_common>
          <accessor source="#mixamorig_Neck-Matrix-animation-output-transform-array" count="25" stride="16">
            <param type="float4x4"/>
          </accessor>
        </technique_common>
      </source>
      <source id="mixamorig_Neck-Interpolations">
        <Name_array id="mixamorig_Neck-Interpolations-array" count="25">
 LINEAR LINEAR LINEAR LINEAR LINEAR LINEAR LINEAR LINEAR LINEAR LINEAR LINEAR
LINEAR LINEAR LINEAR LINEAR LINEAR LINEAR LINEAR LINEAR LINEAR LINEAR LINEAR LINEAR
LINEAR LINEAR</Name_array>
        <technique_common>
          <accessor source="#mixamorig_Neck-Interpolations-array" count="25">
            <param type="name"/>
          </accessor>
        </technique_common>
      </source>
      <sampler id="mixamorig_Neck-Matrix-animation-transform">
        <input semantic="INPUT" source="#mixamorig_Neck-Matrix-animation-input"/>
        <input semantic="OUTPUT" source="#mixamorig_Neck-Matrix-animation-output-transform"/>
        <input semantic="INTERPOLATION" source="#mixamorig_Neck-Interpolations"/>
      </sampler>
      <channel source="#mixamorig_Neck-Matrix-animation-transform" target="mixamorig_Neck/matrix"/>
    </animation>
    <animation id="mixamorig_Head-anim" name="mixamorig_Head">
      <source id="mixamorig_Head-Matrix-animation-input">
        <float_array id="mixamorig_Head-Matrix-animation-input-array" count="25">

0.000000 0.033333 0.066667 0.100000 0.133333 0.166667 0.200000 0.233333 0.266667 0.300000 0.333333 0.366667 0.400000 0.433333 0.466667 0.500000
0.533333 0.566667 0.600000 0.633333 0.666667 0.700000 0.733333 0.766667 0.800000</float_array>
        <technique_common>
          <accessor source="#mixamorig_Head-Matrix-animation-input-array" count="25">
            <param name="TIME" type="float"/>
          </accessor>
        </technique_common>
      </source>
      <source id="mixamorig_Head-Matrix-animation-output-transform">
        <float_array id="mixamorig_Head-Matrix-animation-output-transform-array" count="400">

0.928590 0.011676 0.370922 0.000000 -0.019814 0.999639 0.018139 8.673000 -0.370577 -0.024193 0.928487 3.319300 0.000000 0.000000 0.000000 1.000000
0.913243 0.028361 0.406428 -0.000000 -0.035992 0.999290 0.011142 8.673000 -0.405823 -0.024803 0.913615 3.319300 0.000000 0.000000 0.000000 1.000000
0.894833 0.044427 0.444186 0.000000 -0.047336 0.998869 -0.004545 8.673000 -0.443885 -0.016958 0.895923 3.319300 0.000000 0.000000 0.000000 1.000000
0.872054 0.060934 0.485601 0.000000 -0.051526 0.998136 -0.032718 8.673000 -0.486690 0.003511 0.873568 3.319300 0.000000 0.000000 0.000000 1.000000
0.839451 0.087907 0.536278 0.000000 -0.062085 0.995882 -0.066062 8.673000 -0.539877 0.022161 0.841452 3.319300 0.000000 0.000000 0.000000 1.000000
0.791879 0.129039 0.596890 0.000000 -0.084264 0.991159 -0.102483 8.673000 -0.604837 0.030858 0.795751 3.319300 0.000000 0.000000 0.000000 1.000000
0.722997 0.169962 0.669618 0.000000 -0.115457 0.985360 -0.125442 8.673000 -0.681135 0.013382 0.732035 3.319300 0.000000 0.000000 0.000000 1.000000
0.705448 0.190319 0.682731 0.000000 -0.153062 0.981451 -0.115436 8.673000 -0.692037 -0.023067 0.721494 3.319300 0.000000 0.000000 0.000000 1.000000
0.802625 0.142330 0.579254 0.000000 -0.182251 0.983191 0.010948 8.673000 -0.567960 -0.114356 0.815073 3.319300 0.000000 0.000000 0.000000 1.000000
0.934904 0.070205 0.347888 0.000000 -0.136113 0.976210 0.168782 8.673000 -0.327763 -0.205147 0.922218 3.319300 0.000000 0.000000 0.000000 1.000000
0.997796 -0.060668 0.026865 0.000000 0.050869 0.959433 0.277308 8.673000 -0.042599 -0.275331 0.960405 3.319300 0.000000 0.000000 0.000000 1.000000
0.980377 -0.092068 -0.174309 0.000000 0.139520 0.948737 0.283605 8.673000 0.139262 -0.302359 0.942966 3.319300 0.000000 0.000000 0.000000 1.000000
0.970492 -0.084054 -0.226009 -0.000000 0.145940 0.950869 0.273039 8.673000 0.191955 -0.297966 0.935077 3.319300 0.000000 0.000000 0.000000 1.000000
0.974246 -0.093201 -0.205326 0.000000 0.150061 0.947644 0.281872 8.673000 0.168305 -0.305424 0.937224 3.319300 0.000000 0.000000 0.000000 1.000000
0.981635 -0.110628 -0.155413 0.000000 0.150656 0.949329 0.275823 8.673000 0.117025 -0.294171 0.948561 3.319300 0.000000 0.000000 0.000000 1.000000
0.988978 -0.117439 -0.090170 0.000000 0.137252 0.955586 0.260803 8.673000 0.055537 -0.270304 0.961172 3.319300 0.000000 0.000000 0.000000 1.000000
0.993085 -0.117305 -0.004551 0.000000 0.114703 0.961343 0.250326 8.673000 -0.024989 -0.249117 0.968151 3.319300 0.000000 0.000000 0.000000 1.000000
0.991025 -0.100332 0.088337 0.000000 0.078052 0.970773 0.226952 8.673000 -0.108526 -0.218021 0.969891 3.319300 0.000000 0.000000 0.000000 1.000000
0.982985 -0.083693 0.163513 0.000000 0.051701 0.980244 0.190917 8.673000 -0.176261 -0.179215 0.967892 3.319300 0.000000 0.000000 0.000000 1.000000
0.972972 -0.064113 0.221846 0.000000 0.032495 0.989140 0.143339 8.673000 -0.228627 -0.132256 0.964489 3.319300 0.000000 0.000000 0.000000 1.000000
0.962494 -0.043770 0.267749 0.000000 0.021325 0.996052 0.086172 8.673000 -0.270464 -0.077231 0.959627 3.319300 0.000000 0.000000 0.000000 1.000000
0.954066 -0.031566 0.297929 0.000000 0.014281 0.998095 0.060017 8.673000 -0.299256 -0.053005 0.952700 3.319300 0.000000 0.000000 0.000000 1.000000
0.946902 -0.021846 0.320780 0.000000 0.005760 0.998682 0.051008 8.673000 -0.321472 -0.046452 0.945779 3.319300 0.000000 0.000000 0.000000 1.000000
0.938863 -0.008417 0.344187 0.000000 -0.006967 0.999032 0.043435 8.673000 -0.344220 -0.043177 0.937896 3.319300 0.000000 0.000000 0.000000 1.000000
0.928590 0.011676 0.370922 -0.000000 -0.019815 0.999639 0.018139 8.673000 -0.370577 -0.024193 0.928487 3.319300 0.000000 0.000000 0.000000 1.000000</float_array>
        <technique_common>
          <accessor source="#mixamorig_Head-Matrix-animation-output-transform-array" count="25" stride="16">
            <param type="float4x4"/>
          </accessor>
        </technique_common>
      </source>
      <source id="mixamorig_Head-Interpolations">
        <Name_array id="mixamorig_Head-Interpolations-array" count="25">
 LINEAR LINEAR LINEAR LINEAR LINEAR LINEAR LINEAR LINEAR LINEAR LINEAR LINEAR
LINEAR LINEAR LINEAR LINEAR LINEAR LINEAR LINEAR LINEAR LINEAR LINEAR LINEAR LINEAR
LINEAR LINEAR</Name_array>
        <technique_common>
          <accessor source="#mixamorig_Head-Interpolations-array" count="25">
            <param type="name"/>
          </accessor>
        </technique_common>
      </source>
      <sampler id="mixamorig_Head-Matrix-animation-transform">
        <input semantic="INPUT" source="#mixamorig_Head-Matrix-animation-input"/>
        <input semantic="OUTPUT" source="#mixamorig_Head-Matrix-animation-output-transform"/>
        <input semantic="INTERPOLATION" source="#mixamorig_Head-Interpolations"/>
      </sampler>
      <channel source="#mixamorig_Head-Matrix-animation-transform" target="mixamorig_Head/matrix"/>
    </animation>
    <animation id="mixamorig_LeftShoulder-anim" name="mixamorig_LeftShoulder">
      <source id="mixamorig_LeftShoulder-Matrix-animation-input">
        <float_array id="mixamorig_LeftShoulder-Matrix-animation-input-array" count="25">

0.000000 0.033333 0.066667 0.100000 0.133333 0.166667 0.200000 0.233333 0.266667 0.300000 0.333333 0.366667 0.400000 0.433333 0.466667 0.500000
0.533333 0.566667 0.600000 0.633333 0.666667 0.700000 0.733333 0.766667 0.800000</float_array>
        <technique_common>
          <accessor source="#mixamorig_LeftShoulder-Matrix-animation-input-array" count="25">
            <param name="TIME" type="float"/>
          </accessor>
        </technique_common>
      </source>
      <source id="mixamorig_LeftShoulder-Matrix-animation-output-transform">
        <float_array id="mixamorig_LeftShoulder-Matrix-animation-output-transform-array" count="400">

0.339824 0.937281 -0.077611 6.339200 0.101167 -0.118472 -0.987790 14.952900 -0.935032 0.327823 -0.135082 -4.642900 0.000000 0.000000 0.000000 1.000000
0.327357 0.938841 -0.106842 6.339200 0.095359 -0.145320 -0.984779 14.952900 -0.940077 0.312186 -0.137099 -4.642900 0.000000 0.000000 0.000000 1.000000
0.330587 0.935243 -0.126618 6.339200 0.089159 -0.164510 -0.982338 14.952900 -0.939555 0.313458 -0.137770 -4.642900 0.000000 0.000000 0.000000 1.000000
0.328529 0.933273 -0.145159 6.339200 0.083685 -0.181848 -0.979759 14.952900 -0.940779 0.309731 -0.137844 -4.642900 0.000000 0.000000 0.000000 1.000000
0.328626 0.926565 -0.182980 6.339200 0.076032 -0.219066 -0.972743 14.952900 -0.941395 0.305757 -0.142439 -4.642900 0.000000 0.000000 0.000000 1.000000
0.347395 0.911528 -0.220076 6.339200 0.067358 -0.258344 -0.963702 14.952900 -0.935297 0.319961 -0.151145 -4.642900 0.000000 0.000000 0.000000 1.000000
0.369269 0.894568 -0.251770 6.339200 0.058386 -0.292715 -0.954416 14.952900 -0.927486 0.337736 -0.160321 -4.642900 0.000000 0.000000 0.000000 1.000000
0.373958 0.880016 -0.292792 6.339200 0.038630 -0.330202 -0.943119 14.952900 -0.926641 0.341376 -0.157476 -4.642900 0.000000 0.000000 0.000000 1.000000
0.374061 0.877904 -0.298937 6.339200 0.032049 -0.334381 -0.941893 14.952900 -0.926850 0.342745 -0.153214 -4.642900 0.000000 0.000000 0.000000 1.000000
0.377222 0.880027 -0.288541 6.339200 0.033286 -0.324240 -0.945389 14.952900 -0.925525 0.347017 -0.151603 -4.642900 0.000000 0.000000 0.000000 1.000000
0.391641 0.872215 -0.293015 6.339200 0.029742 -0.330288 -0.943411 14.952900 -0.919637 0.360764 -0.155296 -4.642900 0.000000 0.000000 0.000000 1.000000
0.398401 0.870441 -0.289153 6.339200 0.029126 -0.327100 -0.944541 14.952900 -0.916749 0.367884 -0.155670 -4.642900 0.000000 0.000000 0.000000 1.000000
0.375424 0.888294 -0.264557 6.339200 0.035007 -0.298822 -0.953666 14.952900 -0.926192 0.348767 -0.143282 -4.642900 0.000000 0.000000 0.000000 1.000000
0.359664 0.901450 -0.240893 6.339200 0.040816 -0.273122 -0.961113 14.952900 -0.932189 0.335846 -0.135025 -4.642900 0.000000 0.000000 0.000000 1.000000
0.364946 0.901242 -0.233620 6.339200 0.043730 -0.267242 -0.962637 14.952900 -0.930001 0.341094 -0.136941 -4.642900 0.000000 0.000000 0.000000 1.000000
0.403006 0.887573 -0.223158 6.339200 0.042480 -0.261715 -0.964210 14.952900 -0.914211 0.379103 -0.143177 -4.642900 0.000000 0.000000 0.000000 1.000000
0.402112 0.894452 -0.195604 6.339200 0.048306 -0.234065 -0.971020 14.952900 -0.914315 0.381011 -0.137328 -4.642900 0.000000 0.000000 0.000000 1.000000
0.377309 0.916519 -0.132780 6.339200 0.064033 -0.168853 -0.983559 14.952900 -0.923871 0.362604 -0.122397 -4.642900 0.000000 0.000000 0.000000 1.000000
0.367962 0.921592 -0.123582 6.339200 0.071877 -0.160700 -0.984383 14.952900 -0.927058 0.353333 -0.125373 -4.642900 0.000000 0.000000 0.000000 1.000000
0.366488 0.921998 -0.124921 6.339200 0.076768 -0.163770 -0.983507 14.952900 -0.927250 0.350854 -0.130799 -4.642900 0.000000 0.000000 0.000000 1.000000
0.347263 0.929867 -0.121472 6.339200 0.083252 -0.159591 -0.983666 14.952900 -0.934065 0.331478 -0.132834 -4.642900 0.000000 0.000000 0.000000 1.000000
0.343387 0.932287 -0.113693 6.339200 0.088788 -0.152736 -0.984270 14.952900 -0.934988 0.327891 -0.135224 -4.642900 0.000000 0.000000 0.000000 1.000000
0.346838 0.932262 -0.102907 6.339200 0.092596 -0.143216 -0.985350 14.952900 -0.933343 0.332229 -0.135997 -4.642900 0.000000 0.000000 0.000000 1.000000
0.351026 0.932149 -0.088761 6.339200 0.097035 -0.130496 -0.986689 14.952900 -0.931324 0.337740 -0.136258 -4.642900 0.000000 0.000000 0.000000 1.000000
0.339824 0.937281 -0.077611 6.339200 0.101167 -0.118473 -0.987790 14.952900 -0.935032 0.327823 -0.135082 -4.642900 0.000000 0.000000 0.000000 1.000000</float_array>
        <technique_common>
