<?xml version="1.0" encoding="utf-8"?>
<COLLADA xmlns="http://www.collada.org/2005/11/COLLADASchema" version="1.4.1">
  <asset>
    <contributor>
      <author>Mixamo</author>
      <authoring_tool>COLLADA Mixamo exporter</authoring_tool>
      <comments/>
    </contributor>
    <created>2024-03-05T20:47:39Z</created>
    <modified>2024-03-05T20:47:39Z</modified>
    <revision/>
    <title/>
    <unit meter="0.010000"/>
    <up_axis>Y_UP</up_axis>
  </asset>
  <library_animations>
    <animation id="mixamorig_Hips-anim" name="mixamorig_Hips">
      <source id="mixamorig_Hips-Matrix-animation-input">
        <float_array id="mixamorig_Hips-Matrix-animation-input-array" count="50">

0.000000 0.033333 0.066667 0.100000 0.133333 0.166667 0.200000 0.233333 0.266667 0.300000 0.333333 0.366667 0.400000 0.433333 0.466667 0.500000
0.533333 0.566667 0.600000 0.633333 0.666667 0.700000 0.733333 0.766667 0.800000 0.833333 0.866667 0.900000 0.933333 0.966667 1.000000 1.033333
1.066667 1.100000 1.133333 1.166667 1.200000 1.233333 1.266667 1.300000 1.333333 1.366667 1.400000 1.433333 1.466667 1.500000 1.533333 1.566667
1.600000 1.633333</float_array>
        <technique_common>
          <accessor source="#mixamorig_Hips-Matrix-animation-input-array" count="50">
            <param name="TIME" type="float"/>
          </accessor>
        </technique_common>
      </source>
      <source id="mixamorig_Hips-Matrix-animation-output-transform">
        <float_array id="mixamorig_Hips-Matrix-animation-output-transform-array" count="800">

0.993781 0.064265 -0.090940 -0.136829 -0.058453 0.996160 0.065184 104.187126 0.094780 -0.059463 0.993721 1.535546 0.000000 0.000000 0.000000 1.000000
0.988817 0.069205 -0.132104 -1.926684 -0.061000 0.996007 0.065180 104.023544 0.136087 -0.056393 0.989091 1.255767 0.000000 0.000000 0.000000 1.000000
0.981935 0.072519 -0.174771 -3.896732 -0.061952 0.995948 0.065182 103.717918 0.178789 -0.053177 0.982449 0.949544 0.000000 0.000000 0.000000 1.000000
0.972855 0.075408 -0.218786 -5.993773 -0.062536 0.995912 0.065184 103.347542 0.222807 -0.049733 0.973593 0.674093 0.000000 0.000000 0.000000 1.000000
0.961353 0.078042 -0.264025 -8.067526 -0.062943 0.995886 0.065185 102.954933 0.268026 -0.046047 0.962311 0.475979 0.000000 0.000000 0.000000 1.000000
0.947205 0.080478 -0.310366 -9.903002 -0.063254 0.995866 0.065183 102.583183 0.314329 -0.042110 0.948380 0.381792 0.000000 0.000000 0.000000 1.000000
0.930153 0.082957 -0.357677 -11.334798 -0.063751 0.995835 0.065179 102.262627 0.361594 -0.037824 0.931568 0.407022 0.000000 0.000000 0.000000 1.000000
0.909924 0.085759 -0.405812 -12.315902 -0.064784 0.995769 0.065174 102.007927 0.409685 -0.033013 0.911630 0.569377 0.000000 0.000000 0.000000 1.000000
0.886272 0.088590 -0.454614 -12.910621 -0.066097 0.995683 0.065172 101.794556 0.458425 -0.027711 0.888301 0.893858 0.000000 0.000000 0.000000 1.000000
0.858986 0.090915 -0.503862 -13.237878 -0.067145 0.995612 0.065176 101.630180 0.507576 -0.022153 0.861322 1.418363 0.000000 0.000000 0.000000 1.000000
0.827906 0.092214 -0.553235 -13.407159 -0.067333 0.995599 0.065185 101.529518 0.556811 -0.016716 0.830471 2.189902 0.000000 0.000000 0.000000 1.000000
0.792904 0.092269 -0.602320 -13.488425 -0.066339 0.995665 0.065196 101.491020 0.605724 -0.011737 0.795588 3.256073 0.000000 0.000000 0.000000 1.000000
0.753850 0.091432 -0.650654 -13.515380 -0.064498 0.995785 0.065203 101.504684 0.653874 -0.007188 0.756570 4.652124 0.000000 0.000000 0.000000 1.000000
0.710618 0.090156 -0.697778 -13.480635 -0.062327 0.995924 0.065204 101.544243 0.700812 -0.002845 0.713340 6.356761 0.000000 0.000000 0.000000 1.000000
0.663089 0.088814 -0.743253 -13.373009 -0.060328 0.996047 0.065200 101.590446 0.746106 0.001605 0.665826 8.325537 0.000000 0.000000 0.000000 1.000000
0.611191 0.087834 -0.786594 -13.178804 -0.059247 0.996112 0.065194 101.612488 0.789262 0.006758 0.614019 10.496435 0.000000 0.000000 0.000000 1.000000
0.554994 0.087227 -0.827269 -12.883325 -0.059395 0.996104 0.065183 101.607346 0.829731 0.012959 0.558012 12.779722 0.000000 0.000000 0.000000 1.000000
0.494680 0.086261 -0.864784 -12.478380 -0.059762 0.996083 0.065172 101.591270 0.867018 0.019442 0.497897 15.060760 0.000000 0.000000 0.000000 1.000000
0.430454 0.084390 -0.898659 -11.978137 -0.059233 0.996115 0.065169 101.593323 0.900667 0.025178 0.433780 17.211737 0.000000 0.000000 0.000000 1.000000
0.362620 0.081858 -0.928335 -11.428617 -0.058029 0.996185 0.065174 101.688866 0.930129 0.030237 0.365987 19.135637 0.000000 0.000000 0.000000 1.000000
0.291616 0.078973 -0.953270 -10.879113 -0.056732 0.996260 0.065180 101.896843 0.954852 0.035074 0.295006 20.769455 0.000000 0.000000 0.000000 1.000000
0.217963 0.075795 -0.973009 -10.363686 -0.055472 0.996330 0.065186 102.182404 0.974379 0.039767 0.221367 22.083405 0.000000 0.000000 0.000000 1.000000
0.142238 0.072280 -0.987190 -9.908475 -0.053878 0.996417 0.065193 102.493149 0.988365 0.043915 0.145623 23.044235 0.000000 0.000000 0.000000 1.000000
0.065089 0.068521 -0.995524 -9.511936 -0.051840 0.996525 0.065200 102.794205 0.996532 0.047364 0.068415 23.581308 0.000000 0.000000 0.000000 1.000000
-0.012803 0.064648 -0.997826 -9.155465 -0.049528 0.996642 0.065207 103.058739 0.998691 0.050255 -0.009558 23.600372 0.000000 0.000000 0.000000 1.000000
-0.090760 0.060712 -0.994020 -8.807975 -0.047477 0.996741 0.065213 103.257004 0.994740 0.053112 -0.087582 23.086123 0.000000 0.000000 0.000000 1.000000
-0.168065 0.056618 -0.984149 -8.423653 -0.046092 0.996806 0.065217 103.373383 0.984698 0.056322 -0.164919 22.178782 0.000000 0.000000 0.000000 1.000000
-0.244010 0.052262 -0.968364 -7.965674 -0.045326 0.996841 0.065220 103.416679 0.968713 0.059807 -0.240870 21.104052 0.000000 0.000000 0.000000 1.000000
-0.317921 0.047373 -0.946933 -7.413530 -0.045722 0.996823 0.065219 103.423470 0.947014 0.064030 -0.314745 20.015558 0.000000 0.000000 0.000000 1.000000
-0.389182 0.041640 -0.920219 -6.763547 -0.047556 0.996737 0.065215 103.390930 0.919933 0.069142 -0.385932 18.884146 0.000000 0.000000 0.000000 1.000000
-0.457178 0.034778 -0.888695 -5.992689 -0.050934 0.996571 0.065202 103.296524 0.887916 0.075074 -0.453839 17.600084 0.000000 0.000000 0.000000 1.000000
-0.521435 0.026777 -0.852871 -5.078685 -0.055446 0.996332 0.065180 103.149841 0.851488 0.081276 -0.518038 16.119240 0.000000 0.000000 0.000000 1.000000
-0.581703 0.018602 -0.813189 -4.005936 -0.059234 0.996115 0.065159 102.947006 0.811242 0.086071 -0.578341 14.508720 0.000000 0.000000 0.000000 1.000000
-0.637826 0.011069 -0.770101 -2.787160 -0.061372 0.995987 0.065146 102.704575 0.767732 0.088815 -0.634586 12.905004 0.000000 0.000000 0.000000 1.000000
-0.689654 0.004637 -0.724124 -1.452902 -0.061706 0.995966 0.065146 102.447044 0.721505 0.089611 -0.686586 11.380227 0.000000 0.000000 0.000000 1.000000
-0.736951 -0.001797 -0.675944 -0.081580 -0.062180 0.995937 0.065144 102.270966 0.673080 0.090039 -0.734068 9.947220 0.000000 0.000000 0.000000 1.000000
-0.779691 -0.008233 -0.626110 1.265084 -0.062826 0.995896 0.065141 102.177628 0.623005 0.090126 -0.777009 8.574336 0.000000 0.000000 0.000000 1.000000
-0.817952 -0.014487 -0.575104 2.524827 -0.063436 0.995858 0.065138 102.170853 0.571778 0.089762 -0.815483 7.238141 0.000000 0.000000 0.000000 1.000000
-0.851875 -0.020424 -0.523347 3.639870 -0.063893 0.995829 0.065138 102.244164 0.519834 0.088928 -0.849626 5.928679 0.000000 0.000000 0.000000 1.000000
-0.881630 -0.026064 -0.471220 4.553850 -0.064258 0.995805 0.065144 102.382561 0.467546 0.087713 -0.879607 4.652805 0.000000 0.000000 0.000000 1.000000
-0.907411 -0.031335 -0.419074 5.211421 -0.064478 0.995790 0.065156 102.546410 0.415268 0.086145 -0.905611 3.429380 0.000000 0.000000 0.000000 1.000000
-0.929410 -0.036030 -0.367285 5.563968 -0.064358 0.995796 0.065172 102.718437 0.363393 0.084209 -0.927822 2.282249 0.000000 0.000000 0.000000 1.000000
-0.947857 -0.039744 -0.316207 5.588596 -0.063503 0.995850 0.065187 102.927353 0.312304 0.081868 -0.946448 1.242707 0.000000 0.000000 0.000000 1.000000
-0.963009 -0.042218 -0.266142 5.300194 -0.061680 0.995964 0.065196 103.186859 0.262316 0.079200 -0.961726 0.345703 0.000000 0.000000 0.000000 1.000000
-0.975124 -0.043756 -0.217300 4.747535 -0.059227 0.996113 0.065200 103.469559 0.213603 0.076448 -0.973925 -0.383233 0.000000 0.000000 0.000000 1.000000
-0.984440 -0.045238 -0.169796 3.998489 -0.057026 0.996241 0.065200 103.723892 0.166208 0.073868 -0.983320 -0.935172 0.000000 0.000000 0.000000 1.000000
-0.991168 -0.047743 -0.123722 3.121367 -0.056128 0.996293 0.065198 103.895554 0.120151 0.071566 -0.990173 -1.317162 0.000000 0.000000 0.000000 1.000000
-0.995552 -0.051089 -0.079160 2.209787 -0.056311 0.996282 0.065195 104.006493 0.075535 0.069362 -0.994728 -1.540410 0.000000 0.000000 0.000000 1.000000
-0.997833 -0.054959 -0.036174 1.372272 -0.057234 0.996230 0.065190 104.088089 0.032455 0.067119 -0.997217 -1.632853 0.000000 0.000000 0.000000 1.000000
-0.998249 -0.058929 0.005214 0.702430 -0.058465 0.996159 0.065184 104.187653 -0.009036 0.064765 -0.997860 -1.632564 0.000000 0.000000 0.000000 1.000000</float_array>
        <technique_common>
          <accessor source="#mixamorig_Hips-Matrix-animation-output-transform-array" count="50" stride="16">
            <param type="float4x4"/>
          </accessor>
        </technique_common>
      </source>
      <source id="mixamorig_Hips-Interpolations">
        <Name_array id="mixamorig_Hips-Interpolations-array" count="50">
 LINEAR LINEAR LINEAR LINEAR LINEAR LINEAR LINEAR LINEAR LINEAR LINEAR LINEAR
LINEAR LINEAR LINEAR LINEAR LINEAR LINEAR LINEAR LINEAR LINEAR LINEAR LINEAR LINEAR
LINEAR LINEAR LINEAR LINEAR LINEAR LINEAR LINEAR LINEAR LINEAR LINEAR LINEAR LINEAR
LINEAR LINEAR LINEAR LINEAR LINEAR LINEAR LINEAR LINEAR LINEAR LINEAR LINEAR LINEAR
LINEAR LINEAR LINEAR</Name_array>
        <technique_common>
          <accessor source="#mixamorig_Hips-Interpolations-array" count="50">
            <param type="name"/>
          </accessor>
        </technique_common>
      </source>
      <sampler id="mixamorig_Hips-Matrix-animation-transform">
        <input semantic="INPUT" source="#mixamorig_Hips-Matrix-animation-input"/>
        <input semantic="OUTPUT" source="#mixamorig_Hips-Matrix-animation-output-transform"/>
        <input semantic="INTERPOLATION" source="#mixamorig_Hips-Interpolations"/>
      </sampler>
      <channel source="#mixamorig_Hips-Matrix-animation-transform" target="mixamorig_Hips/matrix"/>
    </animation>
    <animation id="mixamorig_Spine-anim" name="mixamorig_Spine">
      <source id="mixamorig_Spine-Matrix-animation-input">
        <float_array id="mixamorig_Spine-Matrix-animation-input-array" count="50">

0.000000 0.033333 0.066667 0.100000 0.133333 0.166667 0.200000 0.233333 0.266667 0.300000 0.333333 0.366667 0.400000 0.433333 0.466667 0.500000
0.533333 0.566667 0.600000 0.633333 0.666667 0.700000 0.733333 0.766667 0.800000 0.833333 0.866667 0.900000 0.933333 0.966667 1.000000 1.033333
1.066667 1.100000 1.133333 1.166667 1.200000 1.233333 1.266667 1.300000 1.333333 1.366667 1.400000 1.433333 1.466667 1.500000 1.533333 1.566667
1.600000 1.633333</float_array>
        <technique_common>
          <accessor source="#mixamorig_Spine-Matrix-animation-input-array" count="50">
            <param name="TIME" type="float"/>
          </accessor>
        </technique_common>
      </source>
      <source id="mixamorig_Spine-Matrix-animation-output-transform">
        <float_array id="mixamorig_Spine-Matrix-animation-output-transform-array" count="800">

0.998552 -0.048216 0.023860 0.004700 0.048099 0.998828 0.005452 5.245300 -0.024095 -0.004297 0.999700 0.258800 0.000000 0.000000 0.000000 1.000000
0.998725 -0.047977 0.015687 0.004700 0.047842 0.998816 0.008859 5.245300 -0.016094 -0.008097 0.999838 0.258800 0.000000 0.000000 0.000000 1.000000
0.998898 -0.045606 0.011076 0.004700 0.045474 0.998894 0.011917 5.245300 -0.011607 -0.011400 0.999868 0.258800 0.000000 0.000000 0.000000 1.000000
0.998985 -0.043582 0.011408 0.004700 0.043421 0.998958 0.014031 5.245300 -0.012008 -0.013521 0.999836 0.258800 0.000000 0.000000 0.000000 1.000000
0.998902 -0.043511 0.017375 0.004700 0.043262 0.998959 0.014451 5.245300 -0.017986 -0.013683 0.999745 0.258800 0.000000 0.000000 0.000000 1.000000
0.998538 -0.046192 0.028070 0.004700 0.045848 0.998867 0.012789 5.245300 -0.028629 -0.011483 0.999524 0.258800 0.000000 0.000000 0.000000 1.000000
0.997809 -0.051558 0.041473 0.004700 0.051210 0.998644 0.009407 5.245300 -0.041902 -0.007262 0.999095 0.258800 0.000000 0.000000 0.000000 1.000000
0.996712 -0.059032 0.055501 0.004700 0.058825 0.998254 0.005361 5.245300 -0.055720 -0.002079 0.998444 0.258800 0.000000 0.000000 0.000000 1.000000
0.995323 -0.067706 0.068905 0.004700 0.067738 0.997701 0.001880 5.245300 -0.068874 0.002797 0.997621 0.258800 0.000000 0.000000 0.000000 1.000000
0.993706 -0.077060 0.081308 0.004700 0.077334 0.997005 -0.000216 5.245300 -0.081047 0.006502 0.996689 0.258800 0.000000 0.000000 0.000000 1.000000
0.991929 -0.086690 0.092534 0.004700 0.087139 0.996196 -0.000816 5.245300 -0.092112 0.008873 0.995709 0.258800 0.000000 0.000000 0.000000 1.000000
0.990168 -0.095755 0.101970 0.004700 0.096298 0.995352 -0.000413 5.245300 -0.101456 0.010228 0.994787 0.258800 0.000000 0.000000 0.000000 1.000000
0.988716 -0.103204 0.108582 0.004700 0.103781 0.994600 0.000342 5.245300 -0.108031 0.010931 0.994087 0.258800 0.000000 0.000000 0.000000 1.000000
0.987859 -0.108089 0.111588 0.004700 0.108655 0.994079 0.001009 5.245300 -0.111037 0.011128 0.993754 0.258800 0.000000 0.000000 0.000000 1.000000
0.987671 -0.110284 0.111101 0.004700 0.110803 0.993841 0.001506 5.245300 -0.110582 0.010823 0.993808 0.258800 0.000000 0.000000 0.000000 1.000000
0.987947 -0.110877 0.108017 0.004700 0.111313 0.993783 0.002003 5.245300 -0.107568 0.010045 0.994147 0.258800 0.000000 0.000000 0.000000 1.000000
0.988438 -0.110887 0.103411 0.004700 0.111213 0.993793 0.002626 5.245300 -0.103061 0.008905 0.994635 0.258800 0.000000 0.000000 0.000000 1.000000
0.989102 -0.109818 0.098065 0.004700 0.110028 0.993923 0.003285 5.245300 -0.097830 0.007540 0.995175 0.258800 0.000000 0.000000 0.000000 1.000000
0.989979 -0.106857 0.092319 0.004700 0.106958 0.994256 0.003868 5.245300 -0.092202 0.006045 0.995722 0.258800 0.000000 0.000000 0.000000 1.000000
0.990989 -0.102553 0.086156 0.004700 0.102554 0.994718 0.004433 5.245300 -0.086156 0.004442 0.996272 0.258800 0.000000 0.000000 0.000000 1.000000
0.992012 -0.097850 0.079603 0.004700 0.097757 0.995197 0.005079 5.245300 -0.079718 0.002743 0.996814 0.258800 0.000000 0.000000 0.000000 1.000000
0.992980 -0.093146 0.072903 0.004700 0.092969 0.995652 0.005827 5.245300 -0.073128 0.000992 0.997322 0.258800 0.000000 0.000000 0.000000 1.000000
0.993882 -0.088277 0.066371 0.004700 0.088030 0.996096 0.006640 5.245300 -0.066698 -0.000756 0.997773 0.258800 0.000000 0.000000 0.000000 1.000000
0.994688 -0.083449 0.060261 0.004700 0.083146 0.996509 0.007524 5.245300 -0.060678 -0.002473 0.998154 0.258800 0.000000 0.000000 0.000000 1.000000
0.995343 -0.079305 0.054804 0.004700 0.078956 0.996842 0.008514 5.245300 -0.055306 -0.004147 0.998461 0.258800 0.000000 0.000000 0.000000 1.000000
0.995771 -0.076799 0.050415 0.004700 0.076410 0.997030 0.009604 5.245300 -0.051003 -0.005711 0.998682 0.258800 0.000000 0.000000 0.000000 1.000000
0.995954 -0.076286 0.047489 0.004700 0.075862 0.997061 0.010666 5.245300 -0.048163 -0.007020 0.998815 0.258800 0.000000 0.000000 0.000000 1.000000
0.995961 -0.077022 0.046141 0.004700 0.076569 0.996998 0.011511 5.245300 -0.046889 -0.007931 0.998869 0.258800 0.000000 0.000000 0.000000 1.000000
0.995852 -0.078518 0.045985 0.004700 0.078038 0.996877 0.012133 5.245300 -0.046794 -0.008494 0.998868 0.258800 0.000000 0.000000 0.000000 1.000000
0.995693 -0.080304 0.046336 0.004700 0.079791 0.996729 0.012829 5.245300 -0.047215 -0.009076 0.998844 0.258800 0.000000 0.000000 0.000000 1.000000
0.995521 -0.082361 0.046423 0.004700 0.081788 0.996550 0.014114 5.245300 -0.047425 -0.010254 0.998822 0.258800 0.000000 0.000000 0.000000 1.000000
0.995369 -0.084538 0.045756 0.004700 0.083870 0.996343 0.016339 5.245300 -0.046970 -0.012426 0.998819 0.258800 0.000000 0.000000 0.000000 1.000000
0.995387 -0.085102 0.044294 0.004700 0.084320 0.996253 0.019229 5.245300 -0.045764 -0.015405 0.998833 0.258800 0.000000 0.000000 0.000000 1.000000
0.995664 -0.082928 0.042144 0.004700 0.082061 0.996387 0.021894 5.245300 -0.043807 -0.018341 0.998872 0.258800 0.000000 0.000000 0.000000 1.000000
0.996188 -0.077751 0.039557 0.004700 0.076874 0.996770 0.023228 5.245300 -0.041235 -0.020098 0.998947 0.258800 0.000000 0.000000 0.000000 1.000000
0.996719 -0.072037 0.036898 0.004700 0.071236 0.997203 0.022609 5.245300 -0.038424 -0.019906 0.999063 0.258800 0.000000 0.000000 0.000000 1.000000
0.997135 -0.066973 0.035159 0.004700 0.066292 0.997596 0.020183 5.245300 -0.036426 -0.017794 0.999178 0.258800 0.000000 0.000000 0.000000 1.000000
0.997368 -0.063303 0.035354 0.004700 0.062740 0.997888 0.016815 5.245300 -0.036343 -0.014553 0.999233 0.258800 0.000000 0.000000 0.000000 1.000000
0.997435 -0.060748 0.037862 0.004700 0.060275 0.998091 0.013498 5.245300 -0.038610 -0.011182 0.999192 0.258800 0.000000 0.000000 0.000000 1.000000
0.997429 -0.058014 0.042063 0.004700 0.057610 0.998281 0.010749 5.245300 -0.042615 -0.008298 0.999057 0.258800 0.000000 0.000000 0.000000 1.000000
0.997475 -0.053536 0.046670 0.004700 0.053198 0.998548 0.008444 5.245300 -0.047054 -0.005940 0.998875 0.258800 0.000000 0.000000 0.000000 1.000000
0.997627 -0.046812 0.050497 0.004700 0.046559 0.998896 0.006187 5.245300 -0.050731 -0.003822 0.998705 0.258800 0.000000 0.000000 0.000000 1.000000
0.997827 -0.038922 0.053160 0.004700 0.038774 0.999241 0.003828 5.245300 -0.053269 -0.001758 0.998579 0.258800 0.000000 0.000000 0.000000 1.000000
0.997971 -0.032141 0.054970 0.004700 0.032097 0.999483 0.001693 5.245300 -0.054996 0.000075 0.998487 0.258800 0.000000 0.000000 0.000000 1.000000
0.998004 -0.028816 0.056185 0.004700 0.028840 0.999584 0.000392 5.245300 -0.056173 0.001229 0.998420 0.258800 0.000000 0.000000 0.000000 1.000000
0.997961 -0.030103 0.056279 0.004700 0.030130 0.999546 0.000359 5.245300 -0.056265 0.001338 0.998415 0.258800 0.000000 0.000000 0.000000 1.000000
0.997918 -0.035404 0.053906 0.004700 0.035374 0.999373 0.001514 5.245300 -0.053926 0.000396 0.998545 0.258800 0.000000 0.000000 0.000000 1.000000
0.997984 -0.041813 0.047737 0.004700 0.041707 0.999125 0.003215 5.245300 -0.047830 -0.001218 0.998855 0.258800 0.000000 0.000000 0.000000 1.000000
0.998213 -0.046591 0.037421 0.004700 0.046448 0.998910 0.004687 5.245300 -0.037599 -0.002940 0.999289 0.258800 0.000000 0.000000 0.000000 1.000000
0.998551 -0.048227 0.023859 0.004700 0.048110 0.998827 0.005452 5.245300 -0.024094 -0.004297 0.999700 0.258800 0.000000 0.000000 0.000000 1.000000</float_array>
        <technique_common>
          <accessor source="#mixamorig_Spine-Matrix-animation-output-transform-array" count="50" stride="16">
            <param type="float4x4"/>
          </accessor>
        </technique_common>
      </source>
      <source id="mixamorig_Spine-Interpolations">
        <Name_array id="mixamorig_Spine-Interpolations-array" count="50">
 LINEAR LINEAR LINEAR LINEAR LINEAR LINEAR LINEAR LINEAR LINEAR LINEAR LINEAR
LINEAR LINEAR LINEAR LINEAR LINEAR LINEAR LINEAR LINEAR LINEAR LINEAR LINEAR LINEAR
LINEAR LINEAR LINEAR LINEAR LINEAR LINEAR LINEAR LINEAR LINEAR LINEAR LINEAR LINEAR
LINEAR LINEAR LINEAR LINEAR LINEAR LINEAR LINEAR LINEAR LINEAR LINEAR LINEAR LINEAR
LINEAR LINEAR LINEAR</Name_array>
        <technique_common>
          <accessor source="#mixamorig_Spine-Interpolations-array" count="50">
            <param type="name"/>
          </accessor>
        </technique_common>
      </source>
      <sampler id="mixamorig_Spine-Matrix-animation-transform">
        <input semantic="INPUT" source="#mixamorig_Spine-Matrix-animation-input"/>
        <input semantic="OUTPUT" source="#mixamorig_Spine-Matrix-animation-output-transform"/>
        <input semantic="INTERPOLATION" source="#mixamorig_Spine-Interpolations"/>
      </sampler>
      <channel source="#mixamorig_Spine-Matrix-animation-transform" target="mixamorig_Spine/matrix"/>
    </animation>
    <animation id="mixamorig_Spine1-anim" name="mixamorig_Spine1">
      <source id="mixamorig_Spine1-Matrix-animation-input">
        <float_array id="mixamorig_Spine1-Matrix-animation-input-array" count="50">

0.000000 0.033333 0.066667 0.100000 0.133333 0.166667 0.200000 0.233333 0.266667 0.300000 0.333333 0.366667 0.400000 0.433333 0.466667 0.500000
0.533333 0.566667 0.600000 0.633333 0.666667 0.700000 0.733333 0.766667 0.800000 0.833333 0.866667 0.900000 0.933333 0.966667 1.000000 1.033333
1.066667 1.100000 1.133333 1.166667 1.200000 1.233333 1.266667 1.300000 1.333333 1.366667 1.400000 1.433333 1.466667 1.500000 1.533333 1.566667
1.600000 1.633333</float_array>
        <technique_common>
          <accessor source="#mixamorig_Spine1-Matrix-animation-input-array" count="50">
            <param name="TIME" type="float"/>
          </accessor>
        </technique_common>
      </source>
      <source id="mixamorig_Spine1-Matrix-animation-output-transform">
        <float_array id="mixamorig_Spine1-Matrix-animation-output-transform-array" count="800">

0.999615 -0.027646 0.002251 0.000000 0.027496 0.998333 0.050750 11.066900 -0.003651 -0.050668 0.998709 0.000000 0.000000 0.000000 0.000000 1.000000
0.999594 -0.028490 -0.000417 0.000000 0.028473 0.998249 0.051840 11.066900 -0.001061 -0.051831 0.998655 -0.000000 0.000000 0.000000 0.000000 1.000000
0.999565 -0.029413 -0.002149 0.000000 0.029485 0.998179 0.052630 11.066900 0.000597 -0.052671 0.998612 0.000000 0.000000 0.000000 0.000000 1.000000
0.999527 -0.030657 -0.002523 0.000000 0.030747 0.998124 0.052942 11.066900 0.000896 -0.052994 0.998594 0.000000 0.000000 0.000000 0.000000 1.000000
0.999472 -0.032478 -0.001304 0.000000 0.032502 0.998084 0.052642 11.066900 -0.000408 -0.052656 0.998613 0.000000 0.000000 0.000000 0.000000 1.000000
0.999387 -0.034979 0.001314 0.000000 0.034864 0.998050 0.051776 11.066900 -0.003122 -0.051698 0.998658 -0.000000 0.000000 0.000000 0.000000 1.000000
0.999265 -0.038023 0.004797 -0.000000 0.037732 0.998006 0.050594 11.066900 -0.006711 -0.050376 0.998708 0.000000 0.000000 0.000000 0.000000 1.000000
0.999110 -0.041307 0.008514 0.000000 0.040837 0.997940 0.049471 11.066900 -0.010540 -0.049079 0.998739 0.000000 0.000000 0.000000 0.000000 1.000000
0.998936 -0.044544 0.011983 0.000000 0.043910 0.997846 0.048738 11.066900 -0.014128 -0.048160 0.998740 0.000000 0.000000 0.000000 0.000000 1.000000
0.998753 -0.047617 0.015012 0.000000 0.046838 0.997722 0.048545 11.066900 -0.017289 -0.047782 0.998708 0.000000 0.000000 0.000000 0.000000 1.000000
0.998564 -0.050581 0.017657 0.000000 0.049667 0.997571 0.048846 11.066900 -0.020085 -0.047899 0.998650 0.000000 0.000000 0.000000 0.000000 1.000000
0.998368 -0.053476 0.020037 0.000000 0.052440 0.997416 0.049104 11.066900 -0.022611 -0.047973 0.998593 0.000000 0.000000 0.000000 0.000000 1.000000
0.998180 -0.056098 0.022108 0.000000 0.054956 0.997273 0.049266 11.066900 -0.024811 -0.047961 0.998541 0.000000 0.000000 0.000000 0.000000 1.000000
0.998043 -0.057925 0.023565 0.000000 0.056709 0.997170 0.049367 11.066900 -0.026358 -0.047934 0.998503 0.000000 0.000000 0.000000 0.000000 1.000000
0.998013 -0.058295 0.023924 0.000000 0.057060 0.997146 0.049438 11.066900 -0.026738 -0.047974 0.998491 0.000000 0.000000 0.000000 0.000000 1.000000
0.998126 -0.056797 0.022764 -0.000000 0.055614 0.997221 0.049581 11.066900 -0.025517 -0.048222 0.998511 0.000000 0.000000 0.000000 0.000000 1.000000
0.998361 -0.053629 0.019994 -0.000000 0.052572 0.997361 0.050075 11.066900 -0.022627 -0.048942 0.998545 0.000000 0.000000 0.000000 0.000000 1.000000
0.998637 -0.049684 0.015999 0.000000 0.048811 0.997507 0.050964 11.066900 -0.018491 -0.050114 0.998572 0.000000 0.000000 0.000000 0.000000 1.000000
0.998864 -0.046221 0.011591 0.000000 0.045560 0.997611 0.051934 11.066900 -0.013964 -0.051347 0.998583 0.000000 0.000000 0.000000 0.000000 1.000000
0.998989 -0.044274 0.007736 -0.000000 0.043808 0.997656 0.052565 11.066900 -0.010045 -0.052173 0.998588 -0.000000 0.000000 0.000000 0.000000 1.000000
0.999011 -0.044157 0.005177 0.000000 0.043825 0.997652 0.052621 11.066900 -0.007488 -0.052342 0.998601 0.000000 0.000000 0.000000 0.000000 1.000000
0.998961 -0.045393 0.004129 0.000000 0.045117 0.997617 0.052202 11.066900 -0.006488 -0.051961 0.998628 0.000000 0.000000 0.000000 0.000000 1.000000
0.998881 -0.047103 0.004221 0.000000 0.046823 0.997567 0.051656 11.066900 -0.006644 -0.051400 0.998656 0.000000 0.000000 0.000000 0.000000 1.000000
0.998810 -0.048542 0.004746 0.000000 0.048235 0.997516 0.051331 11.066900 -0.007226 -0.051041 0.998670 0.000000 0.000000 0.000000 0.000000 1.000000
0.998766 -0.049414 0.005055 0.000000 0.049090 0.997473 0.051354 11.066900 -0.007580 -0.051042 0.998668 0.000000 0.000000 0.000000 0.000000 1.000000
0.998744 -0.049866 0.004900 -0.000000 0.049548 0.997438 0.051605 11.066900 -0.007461 -0.051297 0.998656 0.000000 0.000000 0.000000 0.000000 1.000000
0.998729 -0.050212 0.004457 0.000000 0.049914 0.997406 0.051868 11.066900 -0.007050 -0.051580 0.998644 0.000000 0.000000 0.000000 0.000000 1.000000
0.998708 -0.050663 0.004066 0.000000 0.050384 0.997374 0.052017 11.066900 -0.006691 -0.051745 0.998638 0.000000 0.000000 0.000000 0.000000 1.000000
0.998679 -0.051241 0.003946 0.000000 0.050966 0.997340 0.052114 11.066900 -0.006606 -0.051844 0.998633 0.000000 0.000000 0.000000 0.000000 1.000000
0.998647 -0.051838 0.004067 0.000000 0.051555 0.997297 0.052362 11.066900 -0.006770 -0.052081 0.998620 0.000000 0.000000 0.000000 0.000000 1.000000
0.998621 -0.052322 0.004234 0.000000 0.052025 0.997241 0.052960 11.066900 -0.006993 -0.052667 0.998588 -0.000000 0.000000 0.000000 0.000000 1.000000
0.998608 -0.052572 0.004247 0.000000 0.052267 0.997175 0.053950 11.066900 -0.007072 -0.053653 0.998535 0.000000 0.000000 0.000000 0.000000 1.000000
0.998614 -0.052473 0.004009 0.000000 0.052173 0.997115 0.055136 11.066900 -0.006890 -0.054850 0.998471 0.000000 0.000000 0.000000 0.000000 1.000000
0.998645 -0.051921 0.003526 0.000000 0.051641 0.997087 0.056137 11.066900 -0.006430 -0.055879 0.998417 0.000000 0.000000 0.000000 0.000000 1.000000
0.998700 -0.050887 0.002904 0.000000 0.050641 0.997114 0.056569 11.066900 -0.005774 -0.056348 0.998394 0.000000 0.000000 0.000000 0.000000 1.000000
0.998772 -0.049485 0.002342 0.000000 0.049275 0.997201 0.056241 11.066900 -0.005118 -0.056057 0.998414 0.000000 0.000000 0.000000 0.000000 1.000000
0.998848 -0.047946 0.002119 0.000000 0.047755 0.997329 0.055269 11.066900 -0.004763 -0.055104 0.998469 -0.000000 0.000000 0.000000 0.000000 1.000000
0.998916 -0.046482 0.002490 -0.000000 0.046280 0.997468 0.054001 11.066900 -0.004993 -0.053827 0.998538 -0.000000 0.000000 0.000000 0.000000 1.000000
0.998975 -0.045128 0.003523 0.000000 0.044880 0.997595 0.052826 11.066900 -0.005899 -0.052614 0.998598 -0.000000 0.000000 0.000000 0.000000 1.000000
0.999032 -0.043706 0.005019 0.000000 0.043387 0.997706 0.051969 11.066900 -0.007278 -0.051701 0.998636 -0.000000 0.000000 0.000000 0.000000 1.000000
0.999097 -0.041968 0.006601 -0.000000 0.041574 0.997811 0.051419 11.066900 -0.008745 -0.051099 0.998655 0.000000 0.000000 0.000000 0.000000 1.000000
0.999175 -0.039823 0.007951 0.000000 0.039367 0.997922 0.051012 11.066900 -0.009966 -0.050657 0.998666 -0.000000 0.000000 0.000000 0.000000 1.000000
0.999257 -0.037469 0.008979 0.000000 0.036968 0.998035 0.050588 11.066900 -0.010857 -0.050219 0.998679 -0.000000 0.000000 0.000000 0.000000 1.000000
0.999329 -0.035304 0.009784 -0.000000 0.034771 0.998138 0.050114 11.066900 -0.011535 -0.049740 0.998696 0.000000 0.000000 0.000000 0.000000 1.000000
0.999378 -0.033688 0.010421 0.000000 0.033131 0.998215 0.049686 11.066900 -0.012077 -0.049310 0.998711 0.000000 0.000000 0.000000 0.000000 1.000000
0.999408 -0.032701 0.010707 0.000000 0.032134 0.998260 0.049446 11.066900 -0.012306 -0.049073 0.998719 0.000000 0.000000 0.000000 0.000000 1.000000
0.999433 -0.032067 0.010240 0.000000 0.031523 0.998277 0.049482 11.066900 -0.011809 -0.049131 0.998723 0.000000 0.000000 0.000000 0.000000 1.000000
0.999473 -0.031284 0.008657 0.000000 0.030815 0.998285 0.049777 11.066900 -0.010200 -0.049484 0.998723 0.000000 0.000000 0.000000 0.000000 1.000000
0.999536 -0.029880 0.005898 0.000000 0.029546 0.998300 0.050236 11.066900 -0.007389 -0.050038 0.998720 -0.000000 0.000000 0.000000 0.000000 1.000000
0.999615 -0.027646 0.002251 0.000000 0.027496 0.998333 0.050750 11.066900 -0.003651 -0.050668 0.998709 0.000000 0.000000 0.000000 0.000000 1.000000</float_array>
        <technique_common>
          <accessor source="#mixamorig_Spine1-Matrix-animation-output-transform-array" count="50" stride="16">
            <param type="float4x4"/>
          </accessor>
        </technique_common>
      </source>
      <source id="mixamorig_Spine1-Interpolations">
        <Name_array id="mixamorig_Spine1-Interpolations-array" count="50">
 LINEAR LINEAR LINEAR LINEAR LINEAR LINEAR LINEAR LINEAR LINEAR LINEAR LINEAR
LINEAR LINEAR LINEAR LINEAR LINEAR LINEAR LINEAR LINEAR LINEAR LINEAR LINEAR LINEAR
LINEAR LINEAR LINEAR LINEAR LINEAR LINEAR LINEAR LINEAR LINEAR LINEAR LINEAR LINEAR
LINEAR LINEAR LINEAR LINEAR LINEAR LINEAR LINEAR LINEAR LINEAR LINEAR LINEAR LINEAR
LINEAR LINEAR LINEAR</Name_array>
        <technique_common>
          <accessor source="#mixamorig_Spine1-Interpolations-array" count="50">
            <param type="name"/>
          </accessor>
        </technique_common>
      </source>
      <sampler id="mixamorig_Spine1-Matrix-animation-transform">
        <input semantic="INPUT" source="#mixamorig_Spine1-Matrix-animation-input"/>
        <input semantic="OUTPUT" source="#mixamorig_Spine1-Matrix-animation-output-transform"/>
        <input semantic="INTERPOLATION" source="#mixamorig_Spine1-Interpolations"/>
      </sampler>
      <channel source="#mixamorig_Spine1-Matrix-animation-transform" target="mixamorig_Spine1/matrix"/>
    </animation>
    <animation id="mixamorig_Spine2-anim" name="mixamorig_Spine2">
      <source id="mixamorig_Spine2-Matrix-animation-input">
        <float_array id="mixamorig_Spine2-Matrix-animation-input-array" count="50">

0.000000 0.033333 0.066667 0.100000 0.133333 0.166667 0.200000 0.233333 0.266667 0.300000 0.333333 0.366667 0.400000 0.433333 0.466667 0.500000
0.533333 0.566667 0.600000 0.633333 0.666667 0.700000 0.733333 0.766667 0.800000 0.833333 0.866667 0.900000 0.933333 0.966667 1.000000 1.033333
1.066667 1.100000 1.133333 1.166667 1.200000 1.233333 1.266667 1.300000 1.333333 1.366667 1.400000 1.433333 1.466667 1.500000 1.533333 1.566667
1.600000 1.633333</float_array>
        <technique_common>
          <accessor source="#mixamorig_Spine2-Matrix-animation-input-array" count="50">
            <param name="TIME" type="float"/>
          </accessor>
        </technique_common>
      </source>
      <source id="mixamorig_Spine2-Matrix-animation-output-transform">
        <float_array id="mixamorig_Spine2-Matrix-animation-output-transform-array" count="800">

0.999611 -0.027151 0.006310 0.000000 0.027797 0.987828 -0.153045 8.141900 -0.002078 0.153161 0.988199 0.000000 0.000000 0.000000 0.000000 1.000000
0.999591 -0.028345 0.003792 -0.000000 0.028592 0.987968 -0.151993 8.141900 0.000562 0.152039 0.988374 -0.000000 0.000000 0.000000 0.000000 1.000000
0.999563 -0.029492 0.002211 0.000000 0.029488 0.988058 -0.151237 8.141900 0.002276 0.151236 0.988495 0.000000 0.000000 0.000000 0.000000 1.000000
0.999524 -0.030778 0.002021 0.000000 0.030731 0.988063 -0.150956 8.141900 0.002649 0.150946 0.988538 0.000000 0.000000 0.000000 0.000000 1.000000
0.999468 -0.032426 0.003495 0.000000 0.032582 0.987954 -0.151279 8.141900 0.001453 0.151312 0.988485 0.000000 0.000000 0.000000 0.000000 1.000000
0.999382 -0.034565 0.006456 0.000000 0.035145 0.987731 -0.152159 8.141900 -0.001118 0.152292 0.988335 0.000000 0.000000 0.000000 0.000000 1.000000
0.999257 -0.037129 0.010360 0.000000 0.038279 0.987431 -0.153345 8.141900 -0.004536 0.153628 0.988118 0.000000 0.000000 0.000000 0.000000 1.000000
0.999098 -0.039901 0.014534 0.000000 0.041669 0.987119 -0.154468 8.141900 -0.008183 0.154934 0.987891 0.000000 0.000000 0.000000 0.000000 1.000000
0.998919 -0.042655 0.018458 0.000000 0.045008 0.986858 -0.155197 8.141900 -0.011596 0.155860 0.987711 0.000000 0.000000 0.000000 0.000000 1.000000
0.998733 -0.045301 0.021925 -0.000000 0.048165 0.986679 -0.155385 8.141900 -0.014594 0.156244 0.987611 0.000000 0.000000 0.000000 0.000000 1.000000
0.998540 -0.047883 0.025002 -0.000000 0.051193 0.986569 -0.155118 8.141900 -0.017238 0.156171 0.987580 0.000000 0.000000 0.000000 0.000000 1.000000
0.998341 -0.050427 0.027809 0.000000 0.054137 0.986482 -0.154669 8.141900 -0.019633 0.155918 0.987575 0.000000 0.000000 0.000000 0.000000 1.000000
0.998149 -0.052742 0.030270 0.000000 0.056804 0.986360 -0.154490 8.141900 -0.021709 0.155924 0.987530 0.000000 0.000000 0.000000 0.000000 1.000000
0.998009 -0.054355 0.031994 -0.000000 0.058666 0.986256 -0.154461 8.141900 -0.023159 0.156031 0.987481 -0.000000 0.000000 0.000000 0.000000 1.000000
0.997978 -0.054679 0.032394 -0.000000 0.059049 0.986234 -0.154455 8.141900 -0.023503 0.156056 0.987469 0.000000 0.000000 0.000000 0.000000 1.000000
0.998094 -0.053362 0.030988 0.000000 0.057526 0.986336 -0.154378 8.141900 -0.022327 0.155866 0.987526 -0.000000 0.000000 0.000000 0.000000 1.000000
0.998334 -0.050609 0.027721 0.000000 0.054289 0.986582 -0.153975 8.141900 -0.019557 0.155223 0.987686 -0.000000 0.000000 0.000000 0.000000 1.000000
0.998615 -0.047247 0.023129 -0.000000 0.050242 0.986922 -0.153172 8.141900 -0.015589 0.154122 0.987929 0.000000 0.000000 0.000000 0.000000 1.000000
0.998847 -0.044411 0.018214 0.000000 0.046671 0.987239 -0.152256 8.141900 -0.011219 0.152931 0.988173 0.000000 0.000000 0.000000 0.000000 1.000000
0.998976 -0.042996 0.014093 0.000000 0.044638 0.987428 -0.151636 8.141900 -0.007396 0.152109 0.988336 0.000000 0.000000 0.000000 0.000000 1.000000
0.998999 -0.043216 0.011542 0.000000 0.044467 0.987447 -0.151560 8.141900 -0.004847 0.151921 0.988381 0.000000 0.000000 0.000000 0.000000 1.000000
0.998949 -0.044575 0.010693 0.000000 0.045683 0.987332 -0.151950 8.141900 -0.003784 0.152279 0.988330 0.000000 0.000000 0.000000 0.000000 1.000000
0.998869 -0.046254 0.011041 0.000000 0.047397 0.987170 -0.152474 8.141900 -0.003847 0.152824 0.988246 0.000000 0.000000 0.000000 0.000000 1.000000
0.998797 -0.047607 0.011778 0.000000 0.048849 0.987051 -0.152790 8.141900 -0.004352 0.153181 0.988189 0.000000 0.000000 0.000000 0.000000 1.000000
0.998752 -0.048428 0.012223 0.000000 0.049728 0.987010 -0.152766 8.141900 -0.004666 0.153183 0.988187 0.000000 0.000000 0.000000 0.000000 1.000000
0.998730 -0.048893 0.012153 0.000000 0.050176 0.987027 -0.152515 8.141900 -0.004538 0.152931 0.988226 0.000000 0.000000 0.000000 0.000000 1.000000
0.998715 -0.049289 0.011784 0.000000 0.050510 0.987051 -0.152249 8.141900 -0.004127 0.152649 0.988272 -0.000000 0.000000 0.000000 0.000000 1.000000
0.998694 -0.049784 0.011479 0.000000 0.050952 0.987052 -0.152095 8.141900 -0.003759 0.152481 0.988299 -0.000000 0.000000 0.000000 0.000000 1.000000
0.998665 -0.050354 0.011502 0.000000 0.051518 0.987038 -0.151991 8.141900 -0.003700 0.152380 0.988315 -0.000000 0.000000 0.000000 0.000000 1.000000
0.998634 -0.050929 0.011714 -0.000000 0.052118 0.987045 -0.151742 8.141900 -0.003834 0.152145 0.988351 0.000000 0.000000 0.000000 0.000000 1.000000
0.998607 -0.051394 0.011923 0.000000 0.052607 0.987110 -0.151149 8.141900 -0.004001 0.151566 0.988439 -0.000000 0.000000 0.000000 0.000000 1.000000
0.998594 -0.051644 0.011961 -0.000000 0.052856 0.987247 -0.150167 8.141900 -0.004053 0.150588 0.988588 0.000000 0.000000 0.000000 0.000000 1.000000
0.998600 -0.051577 0.011710 0.000000 0.052748 0.987430 -0.148993 8.141900 -0.003878 0.149402 0.988769 -0.000000 0.000000 0.000000 0.000000 1.000000
0.998632 -0.051088 0.011167 0.000000 0.052179 0.987610 -0.148001 8.141900 -0.003468 0.148381 0.988924 -0.000000 0.000000 0.000000 0.000000 1.000000
0.998688 -0.050143 0.010408 0.000000 0.051131 0.987728 -0.147575 8.141900 -0.002880 0.147914 0.988996 0.000000 0.000000 0.000000 0.000000 1.000000
0.998761 -0.048824 0.009659 0.000000 0.049717 0.987752 -0.147900 8.141900 -0.002320 0.148197 0.988955 -0.000000 0.000000 0.000000 0.000000 1.000000
0.998837 -0.047325 0.009233 0.000000 0.048172 0.987685 -0.148857 8.141900 -0.002075 0.149129 0.988816 -0.000000 0.000000 0.000000 0.000000 1.000000
0.998905 -0.045822 0.009409 0.000000 0.046716 0.987567 -0.150099 8.141900 -0.002415 0.150374 0.988626 0.000000 0.000000 0.000000 0.000000 1.000000
0.998964 -0.044341 0.010258 0.000000 0.045384 0.987455 -0.151241 8.141900 -0.003423 0.151550 0.988444 -0.000000 0.000000 0.000000 0.000000 1.000000
0.999020 -0.042734 0.011549 0.000000 0.043994 0.987391 -0.152063 8.141900 -0.004905 0.152422 0.988303 -0.000000 0.000000 0.000000 0.000000 1.000000
0.999084 -0.040801 0.012872 -0.000000 0.042289 0.987386 -0.152580 8.141900 -0.006484 0.152985 0.988207 0.000000 0.000000 0.000000 0.000000 1.000000
0.999162 -0.038496 0.013900 -0.000000 0.040171 0.987416 -0.152959 8.141900 -0.007837 0.153389 0.988135 -0.000000 0.000000 0.000000 0.000000 1.000000
0.999245 -0.036024 0.014577 -0.000000 0.037836 0.987447 -0.153352 8.141900 -0.008869 0.153788 0.988064 0.000000 0.000000 0.000000 0.000000 1.000000
0.999316 -0.033770 0.015060 0.000000 0.035687 0.987459 -0.153792 8.141900 -0.009678 0.154225 0.987988 0.000000 0.000000 0.000000 0.000000 1.000000
0.999366 -0.032083 0.015457 -0.000000 0.034085 0.987454 -0.154183 8.141900 -0.010316 0.154612 0.987921 0.000000 0.000000 0.000000 0.000000 1.000000
0.999396 -0.031066 0.015586 -0.000000 0.033102 0.987456 -0.154386 8.141900 -0.010594 0.154809 0.987888 -0.000000 0.000000 0.000000 0.000000 1.000000
0.999422 -0.030497 0.015004 -0.000000 0.032450 0.987487 -0.154323 8.141900 -0.010110 0.154721 0.987907 0.000000 0.000000 0.000000 0.000000 1.000000
0.999464 -0.029926 0.013281 -0.000000 0.031617 0.987563 -0.154014 8.141900 -0.008507 0.154352 0.987979 0.000000 0.000000 0.000000 0.000000 1.000000
0.999530 -0.028893 0.010294 0.000000 0.030131 0.987681 -0.153555 8.141900 -0.005731 0.153793 0.988087 0.000000 0.000000 0.000000 0.000000 1.000000
0.999611 -0.027151 0.006310 0.000000 0.027798 0.987828 -0.153045 8.141900 -0.002078 0.153161 0.988199 -0.000000 0.000000 0.000000 0.000000 1.000000</float_array>
        <technique_common>
          <accessor source="#mixamorig_Spine2-Matrix-animation-output-transform-array" count="50" stride="16">
            <param type="float4x4"/>
          </accessor>
        </technique_common>
      </source>
      <source id="mixamorig_Spine2-Interpolations">
        <Name_array id="mixamorig_Spine2-Interpolations-array" count="50">
 LINEAR LINEAR LINEAR LINEAR LINEAR LINEAR LINEAR LINEAR LINEAR LINEAR LINEAR
LINEAR LINEAR LINEAR LINEAR LINEAR LINEAR LINEAR LINEAR LINEAR LINEAR LINEAR LINEAR
LINEAR LINEAR LINEAR LINEAR LINEAR LINEAR LINEAR LINEAR LINEAR LINEAR LINEAR LINEAR
LINEAR LINEAR LINEAR LINEAR LINEAR LINEAR LINEAR LINEAR LINEAR LINEAR LINEAR LINEAR
LINEAR LINEAR LINEAR</Name_array>
        <technique_common>
          <accessor source="#mixamorig_Spine2-Interpolations-array" count="50">
            <param type="name"/>
          </accessor>
        </technique_common>
      </source>
      <sampler id="mixamorig_Spine2-Matrix-animation-transform">
        <input semantic="INPUT" source="#mixamorig_Spine2-Matrix-animation-input"/>
        <input semantic="OUTPUT" source="#mixamorig_Spine2-Matrix-animation-output-transform"/>
        <input semantic="INTERPOLATION" source="#mixamorig_Spine2-Interpolations"/>
      </sampler>
