<?xml version="1.0" encoding="utf-8"?>
<COLLADA xmlns="http://www.collada.org/2005/11/COLLADASchema" version="1.4.1">
  <asset>
    <contributor>
      <author>Mixamo</author>
      <authoring_tool>COLLADA Mixamo exporter</authoring_tool>
      <comments/>
    </contributor>
    <created>2024-03-06T20:52:02Z</created>
    <modified>2024-03-06T20:52:02Z</modified>
    <revision/>
    <title/>
    <unit meter="0.010000"/>
    <up_axis>Y_UP</up_axis>
  </asset>
  <library_animations>
    <animation id="mixamorig_Hips-anim" name="mixamorig_Hips">
      <source id="mixamorig_Hips-Matrix-animation-input">
        <float_array id="mixamorig_Hips-Matrix-animation-input-array" count="50">

0.000000 0.033333 0.066667 0.100000 0.133333 0.166667 0.200000 0.233333 0.266667 0.300000 0.333333 0.366667 0.400000 0.433333 0.466667 0.500000
0.533333 0.566667 0.600000 0.633333 0.666667 0.700000 0.733333 0.766667 0.800000 0.833333 0.866667 0.900000 0.933333 0.966667 1.000000 1.033333
1.066667 1.100000 1.133333 1.166667 1.200000 1.233333 1.266667 1.300000 1.333333 1.366667 1.400000 1.433333 1.466667 1.500000 1.533333 1.566667
1.600000 1.633333</float_array>
        <technique_common>
          <accessor source="#mixamorig_Hips-Matrix-animation-input-array" count="50">
            <param name="TIME" type="float"/>
          </accessor>
        </technique_common>
      </source>
      <source id="mixamorig_Hips-Matrix-animation-output-transform">
        <float_array id="mixamorig_Hips-Matrix-animation-output-transform-array" count="800">

0.467556 -0.083778 -0.879984 0.015642 0.030170 0.996431 -0.078834 94.504387 0.883448 0.010310 0.468415 0.054352 0.000000 0.000000 0.000000 1.000000
0.466253 -0.124043 -0.875912 -0.085202 0.009257 0.990751 -0.135378 88.109024 0.884603 0.055012 0.463088 -5.271687 0.000000 0.000000 0.000000 1.000000
0.476788 -0.165772 -0.863246 -0.372161 -0.059149 0.973780 -0.219667 78.276421 0.877026 0.155795 0.454481 -8.338725 0.000000 0.000000 0.000000 1.000000
0.557699 -0.208310 -0.803479 -1.698813 -0.122000 0.936912 -0.327585 74.318985 0.821028 0.280719 0.497101 -10.741108 0.000000 0.000000 0.000000 1.000000
0.677846 -0.249023 -0.691746 -3.927595 -0.131174 0.884829 -0.447069 75.311813 0.723408 0.393783 0.567112 -12.304144 0.000000 0.000000 0.000000 1.000000
0.783390 -0.288522 -0.550504 -5.919373 -0.110631 0.806849 -0.580306 77.648849 0.611605 0.515509 0.600159 -12.446606 0.000000 0.000000 0.000000 1.000000
0.830917 -0.324476 -0.451986 -7.085449 -0.109831 0.700710 -0.704941 80.458557 0.545448 0.635390 0.546595 -12.156351 0.000000 0.000000 0.000000 1.000000
0.846407 -0.354195 -0.397668 -7.513285 -0.149970 0.557986 -0.816186 83.615532 0.510983 0.750465 0.419165 -11.319189 0.000000 0.000000 0.000000 1.000000
0.864129 -0.341660 -0.369526 -7.451007 -0.231281 0.382529 -0.894528 86.569191 0.446979 0.858452 0.251536 -9.370583 0.000000 0.000000 0.000000 1.000000
0.875268 -0.292440 -0.385208 -8.241495 -0.330727 0.219229 -0.917910 88.399200 0.352882 0.930815 0.095166 -5.891686 0.000000 0.000000 0.000000 1.000000
0.869476 -0.211364 -0.446472 -8.620369 -0.429652 0.122389 -0.894662 88.854736 0.243743 0.969714 0.015601 -1.965873 0.000000 0.000000 0.000000 1.000000
0.838715 -0.146489 -0.524498 -9.178277 -0.523935 0.045559 -0.850539 88.720993 0.148490 0.988163 -0.038539 1.136270 0.000000 0.000000 0.000000 1.000000
0.821655 -0.100131 -0.561121 -10.134110 -0.568598 -0.075353 -0.819157 88.200752 0.039741 0.992117 -0.118849 5.628132 0.000000 0.000000 0.000000 1.000000
0.835835 -0.061008 -0.545581 -10.816676 -0.544058 -0.224849 -0.808359 86.968719 -0.073357 0.972482 -0.221129 10.417669 0.000000 0.000000 0.000000 1.000000
0.855396 -0.041591 -0.516301 -10.924306 -0.486323 -0.407583 -0.772895 85.174278 -0.178290 0.912221 -0.368871 16.294777 0.000000 0.000000 0.000000 1.000000
0.867045 -0.036564 -0.496887 -10.842396 -0.428554 -0.563392 -0.706350 83.747971 -0.254115 0.825380 -0.504156 23.796040 0.000000 0.000000 0.000000 1.000000
0.860671 -0.034589 -0.507985 -10.561984 -0.396184 -0.672171 -0.625479 82.258598 -0.319818 0.739588 -0.592222 31.213289 0.000000 0.000000 0.000000 1.000000
0.823180 -0.035491 -0.566670 -10.235967 -0.386342 -0.766381 -0.513226 80.240570 -0.416070 0.641406 -0.644581 37.091148 0.000000 0.000000 0.000000 1.000000
0.776020 -0.023387 -0.630275 -9.726857 -0.351590 -0.845678 -0.401513 75.462769 -0.523620 0.533180 -0.664486 42.102226 0.000000 0.000000 0.000000 1.000000
0.725582 0.007334 -0.688097 -9.125483 -0.271659 -0.915673 -0.296217 69.334038 -0.632244 0.401857 -0.662403 46.202641 0.000000 0.000000 0.000000 1.000000
0.688060 0.009672 -0.725589 -8.028900 -0.141468 -0.978938 -0.147201 63.554337 -0.711730 0.203931 -0.672200 49.791054 0.000000 0.000000 0.000000 1.000000
0.656659 -0.005231 -0.754169 -6.722076 0.016552 -0.999635 0.021346 58.507500 -0.754006 -0.026500 -0.656333 53.402130 0.000000 0.000000 0.000000 1.000000
0.632592 -0.031447 -0.773847 -5.463349 0.191240 -0.961893 0.195421 53.528336 -0.750503 -0.271612 -0.602472 56.801010 0.000000 0.000000 0.000000 1.000000
0.616854 -0.065858 -0.784317 -4.473157 0.362376 -0.860831 0.357287 47.814953 -0.698695 -0.504612 -0.507141 59.794930 0.000000 0.000000 0.000000 1.000000
0.605956 -0.100779 -0.789089 -4.050151 0.519701 -0.700846 0.488596 40.644829 -0.602270 -0.706158 -0.372307 61.858978 0.000000 0.000000 0.000000 1.000000
0.607504 -0.136548 -0.782492 -4.879021 0.658433 -0.464458 0.592237 29.757410 -0.444303 -0.875005 -0.192252 61.389259 0.000000 0.000000 0.000000 1.000000
0.640377 -0.175788 -0.747673 -5.702457 0.727860 -0.171912 0.663826 18.400185 -0.245227 -0.969301 0.017861 60.555336 0.000000 0.000000 0.000000 1.000000
0.728708 -0.211427 -0.651371 -4.551823 0.678045 0.089237 0.729584 15.185852 -0.096127 -0.973312 0.208385 59.882294 0.000000 0.000000 0.000000 1.000000
0.694885 -0.240867 -0.677582 -2.763654 0.716473 0.312675 0.623619 17.261166 0.061654 -0.918813 0.389848 59.241226 0.000000 0.000000 0.000000 1.000000
0.607067 -0.268591 -0.747883 -1.229115 0.756502 0.483440 0.440443 19.541447 0.243257 -0.833153 0.496670 59.736729 0.000000 0.000000 0.000000 1.000000
0.528454 -0.284459 -0.799887 0.021813 0.740902 0.614537 0.270941 21.455582 0.414489 -0.735818 0.535510 60.098995 0.000000 0.000000 0.000000 1.000000
0.455745 -0.304308 -0.836476 1.090449 0.688643 0.715966 0.114733 22.598755 0.563974 -0.628323 0.535858 59.930874 0.000000 0.000000 0.000000 1.000000
0.404002 -0.307082 -0.861675 1.106954 0.608222 0.793764 0.002289 23.296371 0.683263 -0.525014 0.507456 60.268372 0.000000 0.000000 0.000000 1.000000
0.380681 -0.305952 -0.872626 1.342375 0.538628 0.840427 -0.059687 24.623178 0.751639 -0.447299 0.484729 58.281872 0.000000 0.000000 0.000000 1.000000
0.358485 -0.301653 -0.883456 1.728667 0.467026 0.877367 -0.110066 26.034428 0.808316 -0.373140 0.455403 57.202667 0.000000 0.000000 0.000000 1.000000
0.339701 -0.298096 -0.892044 1.338862 0.402769 0.903185 -0.148439 28.607433 0.849930 -0.308863 0.426876 56.072998 0.000000 0.000000 0.000000 1.000000
0.324155 -0.296413 -0.898367 0.971020 0.347348 0.920606 -0.178419 32.741020 0.879928 -0.254211 0.401378 53.888741 0.000000 0.000000 0.000000 1.000000
0.306502 -0.296696 -0.904449 0.311382 0.295891 0.932805 -0.205726 39.136547 0.904713 -0.204563 0.373696 51.619045 0.000000 0.000000 0.000000 1.000000
0.291502 -0.297282 -0.909203 -0.406713 0.254498 0.940328 -0.225863 46.664574 0.922094 -0.165550 0.349765 49.316677 0.000000 0.000000 0.000000 1.000000
0.282435 -0.296104 -0.912443 -0.772397 0.226213 0.944902 -0.236617 54.662399 0.932233 -0.139577 0.333857 47.010612 0.000000 0.000000 0.000000 1.000000
0.276225 -0.294287 -0.914929 -1.074927 0.204282 0.948192 -0.243311 62.537609 0.939132 -0.119695 0.322032 44.560093 0.000000 0.000000 0.000000 1.000000
0.270834 -0.292843 -0.917002 -1.324183 0.180530 0.951154 -0.250431 69.986664 0.945546 -0.097721 0.310472 41.672752 0.000000 0.000000 0.000000 1.000000
0.263532 -0.288981 -0.920348 -1.487466 0.146015 0.955031 -0.258061 77.031845 0.953536 -0.066378 0.293877 38.485275 0.000000 0.000000 0.000000 1.000000
0.265366 -0.281306 -0.922197 -1.279427 0.108001 0.959143 -0.261498 82.179573 0.958080 -0.030206 0.284906 34.721684 0.000000 0.000000 0.000000 1.000000
0.289353 -0.264392 -0.919985 -0.939964 0.082371 0.964410 -0.251252 86.440834 0.953672 -0.003080 0.300833 30.309223 0.000000 0.000000 0.000000 1.000000
0.319891 -0.233730 -0.918172 -0.747649 0.064198 0.972214 -0.225120 89.953819 0.945277 0.013069 0.326008 25.514690 0.000000 0.000000 0.000000 1.000000
0.355430 -0.195245 -0.914084 -0.661470 0.054095 0.980598 -0.188418 92.237625 0.933136 0.017522 0.359096 20.061874 0.000000 0.000000 0.000000 1.000000
0.393510 -0.154364 -0.906268 -0.440666 0.048704 0.987918 -0.147123 93.544548 0.918029 0.013755 0.396274 13.904963 0.000000 0.000000 0.000000 1.000000
0.431657 -0.115692 -0.894588 -0.188765 0.042013 0.993243 -0.108179 94.271233 0.901059 0.009112 0.433601 7.174324 0.000000 0.000000 0.000000 1.000000
0.467558 -0.083778 -0.879984 0.015620 0.030170 0.996431 -0.078834 94.504219 0.883448 0.010310 0.468417 0.054337 0.000000 0.000000 0.000000 1.000000</float_array>
        <technique_common>
          <accessor source="#mixamorig_Hips-Matrix-animation-output-transform-array" count="50" stride="16">
            <param type="float4x4"/>
          </accessor>
        </technique_common>
      </source>
      <source id="mixamorig_Hips-Interpolations">
        <Name_array id="mixamorig_Hips-Interpolations-array" count="50">
 LINEAR LINEAR LINEAR LINEAR LINEAR LINEAR LINEAR LINEAR LINEAR LINEAR LINEAR
LINEAR LINEAR LINEAR LINEAR LINEAR LINEAR LINEAR LINEAR LINEAR LINEAR LINEAR LINEAR
LINEAR LINEAR LINEAR LINEAR LINEAR LINEAR LINEAR LINEAR LINEAR LINEAR LINEAR LINEAR
LINEAR LINEAR LINEAR LINEAR LINEAR LINEAR LINEAR LINEAR LINEAR LINEAR LINEAR LINEAR
LINEAR LINEAR LINEAR</Name_array>
        <technique_common>
          <accessor source="#mixamorig_Hips-Interpolations-array" count="50">
            <param type="name"/>
          </accessor>
        </technique_common>
      </source>
      <sampler id="mixamorig_Hips-Matrix-animation-transform">
        <input semantic="INPUT" source="#mixamorig_Hips-Matrix-animation-input"/>
        <input semantic="OUTPUT" source="#mixamorig_Hips-Matrix-animation-output-transform"/>
        <input semantic="INTERPOLATION" source="#mixamorig_Hips-Interpolations"/>
      </sampler>
      <channel source="#mixamorig_Hips-Matrix-animation-transform" target="mixamorig_Hips/matrix"/>
    </animation>
    <animation id="mixamorig_Spine-anim" name="mixamorig_Spine">
      <source id="mixamorig_Spine-Matrix-animation-input">
        <float_array id="mixamorig_Spine-Matrix-animation-input-array" count="50">

0.000000 0.033333 0.066667 0.100000 0.133333 0.166667 0.200000 0.233333 0.266667 0.300000 0.333333 0.366667 0.400000 0.433333 0.466667 0.500000
0.533333 0.566667 0.600000 0.633333 0.666667 0.700000 0.733333 0.766667 0.800000 0.833333 0.866667 0.900000 0.933333 0.966667 1.000000 1.033333
1.066667 1.100000 1.133333 1.166667 1.200000 1.233333 1.266667 1.300000 1.333333 1.366667 1.400000 1.433333 1.466667 1.500000 1.533333 1.566667
1.600000 1.633333</float_array>
        <technique_common>
          <accessor source="#mixamorig_Spine-Matrix-animation-input-array" count="50">
            <param name="TIME" type="float"/>
          </accessor>
        </technique_common>
      </source>
      <source id="mixamorig_Spine-Matrix-animation-output-transform">
        <float_array id="mixamorig_Spine-Matrix-animation-output-transform-array" count="800">

0.997185 0.074985 -0.000549 0.004700 -0.073598 0.977286 -0.198737 5.245300 -0.014366 0.198217 0.980053 0.258800 0.000000 0.000000 0.000000 1.000000
0.996869 0.067725 0.040811 0.004700 -0.058727 0.979752 -0.191406 5.245300 -0.052947 0.188410 0.980662 0.258800 0.000000 0.000000 0.000000 1.000000
0.995684 0.055425 0.074446 0.004700 -0.042376 0.985105 -0.166653 5.245300 -0.082574 0.162779 0.983201 0.258800 0.000000 0.000000 0.000000 1.000000
0.995715 0.049060 0.078392 0.004700 -0.038516 0.990665 -0.130765 5.245300 -0.084075 0.127185 0.988309 0.258800 0.000000 0.000000 0.000000 1.000000
0.996045 0.051170 0.072639 0.004700 -0.044457 0.994839 -0.091203 5.245300 -0.076931 0.087613 0.993180 0.258800 0.000000 0.000000 0.000000 1.000000
0.996030 0.061987 0.063888 0.004700 -0.058555 0.996808 -0.054264 5.245300 -0.067048 0.050308 0.996481 0.258800 0.000000 0.000000 0.000000 1.000000
0.995815 0.073102 0.054843 0.004700 -0.071787 0.997092 -0.025579 5.245300 -0.056554 0.021535 0.998167 0.258800 0.000000 0.000000 0.000000 1.000000
0.995599 0.084174 0.041195 0.004700 -0.083580 0.996374 -0.015919 5.245300 -0.042385 0.012406 0.999024 0.258800 0.000000 0.000000 0.000000 1.000000
0.995449 0.093297 0.019425 0.004700 -0.093113 0.995604 -0.010173 5.245300 -0.020289 0.008318 0.999760 0.258800 0.000000 0.000000 0.000000 1.000000
0.995045 0.099409 -0.001537 0.004700 -0.099415 0.995038 -0.004046 5.245300 0.001127 0.004178 0.999991 0.258800 0.000000 0.000000 0.000000 1.000000
0.994690 0.102664 -0.007176 0.004700 -0.102682 0.994712 -0.002186 5.245300 0.006914 0.002912 0.999972 0.258800 0.000000 0.000000 0.000000 1.000000
0.994890 0.100904 0.003364 0.004700 -0.100899 0.994895 -0.001765 5.245300 -0.003525 0.001417 0.999993 0.258800 0.000000 0.000000 0.000000 1.000000
0.995158 0.097572 0.011810 0.004700 -0.097631 0.995212 0.004516 5.245300 -0.011313 -0.005647 0.999920 0.258800 0.000000 0.000000 0.000000 1.000000
0.995742 0.090182 0.019084 0.004700 -0.090227 0.995920 0.001476 5.245300 -0.018873 -0.003192 0.999817 0.258800 0.000000 0.000000 0.000000 1.000000
0.996348 0.082078 0.023537 0.004700 -0.082130 0.996621 0.001255 5.245300 -0.023354 -0.003184 0.999722 0.258800 0.000000 0.000000 0.000000 1.000000
0.996627 0.080420 0.016369 0.004700 -0.080444 0.996759 0.000798 5.245300 -0.016252 -0.002112 0.999866 0.258800 0.000000 0.000000 0.000000 1.000000
0.996228 0.086747 0.001999 0.004700 -0.086739 0.996223 -0.003924 5.245300 -0.002332 0.003736 0.999990 0.258800 0.000000 0.000000 0.000000 1.000000
0.995089 0.098486 -0.009949 0.004700 -0.098571 0.995094 -0.008433 5.245300 0.009070 0.009373 0.999915 0.258800 0.000000 0.000000 0.000000 1.000000
0.993686 0.111519 -0.012278 0.004700 -0.111662 0.993678 -0.011662 5.245300 0.010900 0.012960 0.999857 0.258800 0.000000 0.000000 0.000000 1.000000
0.992762 0.119688 -0.009895 0.004700 -0.119830 0.992678 -0.015224 5.245300 0.008001 0.016299 0.999835 0.258800 0.000000 0.000000 0.000000 1.000000
0.991935 0.126231 -0.011446 0.004700 -0.126384 0.991885 -0.013827 5.245300 0.009607 0.015162 0.999839 0.258800 0.000000 0.000000 0.000000 1.000000
0.991349 0.130728 -0.011689 0.004700 -0.130817 0.991381 -0.007184 5.245300 0.010649 0.008651 0.999906 0.258800 0.000000 0.000000 0.000000 1.000000
0.991330 0.131179 -0.007566 0.004700 -0.131209 0.991348 -0.003637 5.245300 0.007024 0.004598 0.999965 0.258800 0.000000 0.000000 0.000000 1.000000
0.991301 0.131599 -0.001792 0.004700 -0.131597 0.991303 0.001148 5.245300 0.001928 -0.000902 0.999998 0.258800 0.000000 0.000000 0.000000 1.000000
0.991864 0.127251 0.003588 0.004700 -0.127256 0.991869 0.001311 5.245300 -0.003392 -0.001756 0.999993 0.258800 0.000000 0.000000 0.000000 1.000000
0.992723 0.120396 -0.002334 0.004700 -0.120417 0.992631 -0.013522 5.245300 0.000689 0.013705 0.999906 0.258800 0.000000 0.000000 0.000000 1.000000
0.993422 0.113052 -0.018245 0.004700 -0.113623 0.992939 -0.034083 5.245300 0.014263 0.035932 0.999252 0.258800 0.000000 0.000000 0.000000 1.000000
0.994978 0.097792 -0.021366 0.004700 -0.098879 0.993422 -0.057760 5.245300 0.015577 0.059583 0.998102 0.258800 0.000000 0.000000 0.000000 1.000000
0.996321 0.082307 -0.023871 0.004700 -0.083995 0.993134 -0.081418 5.245300 0.017006 0.083123 0.996394 0.258800 0.000000 0.000000 0.000000 1.000000
0.996226 0.080092 -0.033455 0.004700 -0.083124 0.991297 -0.102083 5.245300 0.024987 0.104478 0.994213 0.258800 0.000000 0.000000 0.000000 1.000000
0.995838 0.080520 -0.042690 0.004700 -0.085118 0.989126 -0.119937 5.245300 0.032568 0.123071 0.991863 0.258800 0.000000 0.000000 0.000000 1.000000
0.994343 0.089077 -0.057857 0.004700 -0.096286 0.985893 -0.136912 5.245300 0.044845 0.141708 0.988892 0.258800 0.000000 0.000000 0.000000 1.000000
0.994731 0.085998 -0.055800 0.004700 -0.093661 0.983677 -0.153648 5.245300 0.041676 0.158065 0.986549 0.258800 0.000000 0.000000 0.000000 1.000000
0.993116 0.094363 -0.069405 0.004700 -0.104901 0.980112 -0.168455 5.245300 0.052129 0.174576 0.983263 0.258800 0.000000 0.000000 0.000000 1.000000
0.993016 0.094420 -0.070743 0.004700 -0.105952 0.977451 -0.182657 5.245300 0.051901 0.188877 0.980628 0.258800 0.000000 0.000000 0.000000 1.000000
0.993000 0.094626 -0.070688 0.004700 -0.106793 0.974958 -0.195070 5.245300 0.050459 0.201254 0.978239 0.258800 0.000000 0.000000 0.000000 1.000000
0.992818 0.094932 -0.072798 0.004700 -0.108043 0.972801 -0.204900 5.245300 0.051366 0.211294 0.976072 0.258800 0.000000 0.000000 0.000000 1.000000
0.993015 0.094738 -0.070328 0.004700 -0.107679 0.971337 -0.211918 5.245300 0.048236 0.218010 0.974754 0.258800 0.000000 0.000000 0.000000 1.000000
0.993263 0.094744 -0.066724 0.004700 -0.107075 0.970544 -0.215821 5.245300 0.044311 0.221512 0.974150 0.258800 0.000000 0.000000 0.000000 1.000000
0.993058 0.098140 -0.064834 0.004700 -0.110062 0.969744 -0.217904 5.245300 0.041487 0.223527 0.973814 0.258800 0.000000 0.000000 0.000000 1.000000
0.992715 0.102954 -0.062594 0.004700 -0.114292 0.969076 -0.218698 5.245300 0.038142 0.224259 0.973783 0.258800 0.000000 0.000000 0.000000 1.000000
0.992598 0.106506 -0.058355 0.004700 -0.116801 0.968819 -0.218513 5.245300 0.033262 0.223711 0.974088 0.258800 0.000000 0.000000 0.000000 1.000000
0.994243 0.098568 -0.042006 0.004700 -0.105401 0.970223 -0.218076 5.245300 0.019260 0.221248 0.975027 0.258800 0.000000 0.000000 0.000000 1.000000
0.996036 0.085902 -0.023086 0.004700 -0.088868 0.972183 -0.216711 5.245300 0.003828 0.217903 0.975963 0.258800 0.000000 0.000000 0.000000 1.000000
0.996966 0.077195 -0.009940 0.004700 -0.077530 0.973712 -0.214182 5.245300 -0.006856 0.214303 0.976743 0.258800 0.000000 0.000000 0.000000 1.000000
0.997485 0.070856 -0.001478 0.004700 -0.069578 0.975109 -0.210524 5.245300 -0.013476 0.210098 0.977587 0.258800 0.000000 0.000000 0.000000 1.000000
0.997643 0.068597 0.001399 0.004700 -0.066832 0.976183 -0.206397 5.245300 -0.015524 0.205817 0.978467 0.258800 0.000000 0.000000 0.000000 1.000000
0.997549 0.069970 0.001024 0.004700 -0.068313 0.976880 -0.202580 5.245300 -0.015175 0.202013 0.979265 0.258800 0.000000 0.000000 0.000000 1.000000
0.997386 0.072258 0.000065 0.004700 -0.070788 0.977281 -0.199776 5.245300 -0.014499 0.199250 0.979842 0.258800 0.000000 0.000000 0.000000 1.000000
0.997176 0.075093 -0.000561 0.004700 -0.073707 0.977288 -0.198683 5.245300 -0.014371 0.198164 0.980064 0.258800 0.000000 0.000000 0.000000 1.000000</float_array>
        <technique_common>
          <accessor source="#mixamorig_Spine-Matrix-animation-output-transform-array" count="50" stride="16">
            <param type="float4x4"/>
          </accessor>
        </technique_common>
      </source>
      <source id="mixamorig_Spine-Interpolations">
        <Name_array id="mixamorig_Spine-Interpolations-array" count="50">
 LINEAR LINEAR LINEAR LINEAR LINEAR LINEAR LINEAR LINEAR LINEAR LINEAR LINEAR
LINEAR LINEAR LINEAR LINEAR LINEAR LINEAR LINEAR LINEAR LINEAR LINEAR LINEAR LINEAR
LINEAR LINEAR LINEAR LINEAR LINEAR LINEAR LINEAR LINEAR LINEAR LINEAR LINEAR LINEAR
LINEAR LINEAR LINEAR LINEAR LINEAR LINEAR LINEAR LINEAR LINEAR LINEAR LINEAR LINEAR
LINEAR LINEAR LINEAR</Name_array>
        <technique_common>
          <accessor source="#mixamorig_Spine-Interpolations-array" count="50">
            <param type="name"/>
          </accessor>
        </technique_common>
      </source>
      <sampler id="mixamorig_Spine-Matrix-animation-transform">
        <input semantic="INPUT" source="#mixamorig_Spine-Matrix-animation-input"/>
        <input semantic="OUTPUT" source="#mixamorig_Spine-Matrix-animation-output-transform"/>
        <input semantic="INTERPOLATION" source="#mixamorig_Spine-Interpolations"/>
      </sampler>
      <channel source="#mixamorig_Spine-Matrix-animation-transform" target="mixamorig_Spine/matrix"/>
    </animation>
    <animation id="mixamorig_Spine1-anim" name="mixamorig_Spine1">
      <source id="mixamorig_Spine1-Matrix-animation-input">
        <float_array id="mixamorig_Spine1-Matrix-animation-input-array" count="50">

0.000000 0.033333 0.066667 0.100000 0.133333 0.166667 0.200000 0.233333 0.266667 0.300000 0.333333 0.366667 0.400000 0.433333 0.466667 0.500000
0.533333 0.566667 0.600000 0.633333 0.666667 0.700000 0.733333 0.766667 0.800000 0.833333 0.866667 0.900000 0.933333 0.966667 1.000000 1.033333
1.066667 1.100000 1.133333 1.166667 1.200000 1.233333 1.266667 1.300000 1.333333 1.366667 1.400000 1.433333 1.466667 1.500000 1.533333 1.566667
1.600000 1.633333</float_array>
        <technique_common>
          <accessor source="#mixamorig_Spine1-Matrix-animation-input-array" count="50">
            <param name="TIME" type="float"/>
          </accessor>
        </technique_common>
      </source>
      <source id="mixamorig_Spine1-Matrix-animation-output-transform">
        <float_array id="mixamorig_Spine1-Matrix-animation-output-transform-array" count="800">

0.998755 0.047103 0.016410 -0.000000 -0.046566 0.998412 -0.031708 11.066900 -0.017877 0.030904 0.999362 0.000000 0.000000 0.000000 0.000000 1.000000
0.994392 0.050996 0.092653 0.000000 -0.047576 0.998115 -0.038759 11.066900 -0.094455 0.034134 0.994944 0.000000 0.000000 0.000000 0.000000 1.000000
0.986212 0.057048 0.155342 0.000000 -0.049537 0.997428 -0.051803 11.066900 -0.157897 0.043394 0.986502 0.000000 0.000000 0.000000 0.000000 1.000000
0.984193 0.062463 0.165718 0.000000 -0.052096 0.996446 -0.066188 11.066900 -0.169264 0.056508 0.983949 -0.000000 0.000000 0.000000 0.000000 1.000000
0.984939 0.074594 0.155983 0.000000 -0.062501 0.994748 -0.081051 11.066900 -0.161210 0.070081 0.984429 0.000000 0.000000 0.000000 0.000000 1.000000
0.985820 0.089653 0.141850 -0.000000 -0.076450 0.992447 -0.095943 11.066900 -0.149380 0.083738 0.985228 0.000000 0.000000 0.000000 0.000000 1.000000
0.985949 0.106088 0.129034 0.000000 -0.092568 0.989981 -0.106624 11.066900 -0.139053 0.093182 0.985891 0.000000 0.000000 0.000000 0.000000 1.000000
0.986108 0.120711 0.114107 0.000000 -0.108394 0.988157 -0.108608 11.066900 -0.125865 0.094730 0.987514 0.000000 0.000000 0.000000 0.000000 1.000000
0.987978 0.127137 0.087949 0.000000 -0.117848 0.987592 -0.103796 11.066900 -0.100054 0.092183 0.990703 0.000000 0.000000 0.000000 0.000000 1.000000
0.990526 0.122733 0.061607 0.000000 -0.116542 0.988569 -0.095647 11.066900 -0.072642 0.087561 0.993507 0.000000 0.000000 0.000000 0.000000 1.000000
0.992422 0.112900 0.048498 0.000000 -0.108346 0.990208 -0.088035 11.066900 -0.057962 0.082114 0.994936 -0.000000 0.000000 0.000000 0.000000 1.000000
0.993143 0.102511 0.056200 0.000000 -0.097665 0.991745 -0.083088 11.066900 -0.064254 0.077029 0.994956 0.000000 0.000000 0.000000 0.000000 1.000000
0.993495 0.093506 0.064991 0.000000 -0.088304 0.992975 -0.078762 11.066900 -0.071899 0.072511 0.994773 -0.000000 0.000000 0.000000 0.000000 1.000000
0.993357 0.088144 0.073970 0.000000 -0.082435 0.993619 -0.076974 11.066900 -0.080283 0.070365 0.994285 0.000000 0.000000 0.000000 0.000000 1.000000
0.993138 0.085868 0.079399 0.000000 -0.079534 0.993636 -0.079764 11.066900 -0.085743 0.072902 0.993647 0.000000 0.000000 0.000000 0.000000 1.000000
0.993696 0.088141 0.069272 0.000000 -0.082291 0.993129 -0.083205 11.066900 -0.076130 0.076980 0.994122 0.000000 0.000000 0.000000 0.000000 1.000000
0.993694 0.102376 0.045740 0.000000 -0.098003 0.991167 -0.089349 11.066900 -0.054483 0.084303 0.994949 0.000000 0.000000 0.000000 0.000000 1.000000
0.992094 0.122241 0.028417 0.000000 -0.119004 0.988212 -0.096308 11.066900 -0.039854 0.092165 0.994946 0.000000 0.000000 0.000000 0.000000 1.000000
0.990095 0.138351 0.023914 0.000000 -0.135157 0.985300 -0.104482 11.066900 -0.038017 0.100215 0.994239 0.000000 0.000000 0.000000 0.000000 1.000000
0.988582 0.148732 0.024193 0.000000 -0.145285 0.983381 -0.108880 11.066900 -0.039984 0.104122 0.993760 0.000000 0.000000 0.000000 0.000000 1.000000
0.987877 0.152813 0.027327 0.000000 -0.149095 0.983002 -0.107132 11.066900 -0.043234 0.101759 0.993869 0.000000 0.000000 0.000000 0.000000 1.000000
0.987579 0.154099 0.030688 -0.000000 -0.150392 0.983616 -0.099410 11.066900 -0.045504 0.093560 0.994573 -0.000000 0.000000 0.000000 0.000000 1.000000
0.987315 0.153167 0.041833 -0.000000 -0.149057 0.984894 -0.088125 11.066900 -0.054699 0.080771 0.995231 -0.000000 0.000000 0.000000 0.000000 1.000000
0.987202 0.150008 0.054131 -0.000000 -0.145524 0.986196 -0.078995 11.066900 -0.065234 0.070107 0.995404 0.000000 0.000000 0.000000 0.000000 1.000000
0.987509 0.144400 0.063041 -0.000000 -0.139579 0.987354 -0.075163 11.066900 -0.073098 0.065425 0.995177 0.000000 0.000000 0.000000 0.000000 1.000000
0.989654 0.133986 0.051307 -0.000000 -0.130320 0.989057 -0.069151 11.066900 -0.060011 0.061749 0.996286 0.000000 0.000000 0.000000 0.000000 1.000000
0.992202 0.121400 0.028232 0.000000 -0.119452 0.990860 -0.062671 11.066900 -0.035582 0.058810 0.997635 0.000000 0.000000 0.000000 0.000000 1.000000
0.994410 0.105491 0.004591 -0.000000 -0.105051 0.992777 -0.057946 11.066900 -0.010670 0.057140 0.998309 0.000000 0.000000 0.000000 0.000000 1.000000
0.996249 0.086515 0.001953 0.000000 -0.086266 0.994657 -0.056704 11.066900 -0.006848 0.056323 0.998389 0.000000 0.000000 0.000000 0.000000 1.000000
0.997157 0.073192 0.017927 0.000000 -0.072054 0.995739 -0.057544 11.066900 -0.022062 0.056089 0.998182 0.000000 0.000000 0.000000 0.000000 1.000000
0.996943 0.075463 0.020228 0.000000 -0.074153 0.995492 -0.059140 11.066900 -0.024600 0.057459 0.998045 0.000000 0.000000 0.000000 0.000000 1.000000
0.995595 0.093748 0.001184 0.000000 -0.093502 0.993756 -0.060882 11.066900 -0.006885 0.060503 0.998144 0.000000 0.000000 0.000000 0.000000 1.000000
0.992832 0.117627 -0.021161 0.000000 -0.118747 0.990909 -0.063235 11.066900 0.013531 0.065294 0.997774 0.000000 0.000000 0.000000 0.000000 1.000000
0.989832 0.136706 -0.039309 0.000000 -0.139135 0.987957 -0.067693 11.066900 0.029581 0.072474 0.996932 0.000000 0.000000 0.000000 0.000000 1.000000
0.988811 0.142058 -0.045530 0.000000 -0.145342 0.986179 -0.079536 11.066900 0.033602 0.085264 0.995792 -0.000000 0.000000 0.000000 0.000000 1.000000
0.989405 0.138581 -0.043279 0.000000 -0.142222 0.985052 -0.097192 11.066900 0.029163 0.102318 0.994324 -0.000000 0.000000 0.000000 0.000000 1.000000
0.990987 0.128280 -0.038596 0.000000 -0.132060 0.983862 -0.120726 11.066900 0.022486 0.124735 0.991935 -0.000000 0.000000 0.000000 0.000000 1.000000
0.992773 0.115425 -0.032856 0.000000 -0.118875 0.983377 -0.137255 11.066900 0.016467 0.140168 0.989991 -0.000000 0.000000 0.000000 0.000000 1.000000
0.994069 0.105497 -0.026417 -0.000000 -0.108208 0.983764 -0.143173 11.066900 0.010884 0.145183 0.989345 0.000000 0.000000 0.000000 0.000000 1.000000
0.994436 0.103495 -0.019658 0.000000 -0.105230 0.984620 -0.139464 11.066900 0.004922 0.140757 0.990032 -0.000000 0.000000 0.000000 0.000000 1.000000
0.994404 0.104863 -0.012846 0.000000 -0.105642 0.985775 -0.130722 11.066900 -0.001045 0.131347 0.991336 0.000000 0.000000 0.000000 0.000000 1.000000
0.994310 0.106346 -0.006246 0.000000 -0.106331 0.987173 -0.119095 11.066900 -0.006500 0.119082 0.992863 -0.000000 0.000000 0.000000 0.000000 1.000000
0.994823 0.101627 -0.000072 0.000000 -0.101058 0.989181 -0.106336 11.066900 -0.010736 0.105793 0.994330 -0.000000 0.000000 0.000000 0.000000 1.000000
0.995575 0.093822 0.005335 -0.000000 -0.092936 0.991412 -0.092004 11.066900 -0.013921 0.091101 0.995744 0.000000 0.000000 0.000000 0.000000 1.000000
0.996201 0.086550 0.009593 0.000000 -0.085493 0.993031 -0.081125 11.066900 -0.016547 0.079997 0.996658 -0.000000 0.000000 0.000000 0.000000 1.000000
0.996800 0.078948 0.012540 0.000000 -0.077909 0.994592 -0.068687 11.066900 -0.017895 0.067491 0.997559 0.000000 0.000000 0.000000 0.000000 1.000000
0.997364 0.071111 0.014416 0.000000 -0.070205 0.995970 -0.055805 11.066900 -0.018327 0.054646 0.998338 0.000000 0.000000 0.000000 0.000000 1.000000
0.997889 0.063065 0.015516 0.000000 -0.062331 0.997087 -0.043949 11.066900 -0.018242 0.042889 0.998913 0.000000 0.000000 0.000000 0.000000 1.000000
0.998354 0.055049 0.016069 -0.000000 -0.054458 0.997897 -0.035149 11.066900 -0.017970 0.034216 0.999253 0.000000 0.000000 0.000000 0.000000 1.000000
0.998759 0.047064 0.016276 0.000000 -0.046531 0.998414 -0.031701 11.066900 -0.017742 0.030905 0.999365 0.000000 0.000000 0.000000 0.000000 1.000000</float_array>
        <technique_common>
          <accessor source="#mixamorig_Spine1-Matrix-animation-output-transform-array" count="50" stride="16">
            <param type="float4x4"/>
          </accessor>
        </technique_common>
      </source>
      <source id="mixamorig_Spine1-Interpolations">
        <Name_array id="mixamorig_Spine1-Interpolations-array" count="50">
 LINEAR LINEAR LINEAR LINEAR LINEAR LINEAR LINEAR LINEAR LINEAR LINEAR LINEAR
LINEAR LINEAR LINEAR LINEAR LINEAR LINEAR LINEAR LINEAR LINEAR LINEAR LINEAR LINEAR
LINEAR LINEAR LINEAR LINEAR LINEAR LINEAR LINEAR LINEAR LINEAR LINEAR LINEAR LINEAR
LINEAR LINEAR LINEAR LINEAR LINEAR LINEAR LINEAR LINEAR LINEAR LINEAR LINEAR LINEAR
LINEAR LINEAR LINEAR</Name_array>
        <technique_common>
          <accessor source="#mixamorig_Spine1-Interpolations-array" count="50">
            <param type="name"/>
          </accessor>
        </technique_common>
      </source>
      <sampler id="mixamorig_Spine1-Matrix-animation-transform">
        <input semantic="INPUT" source="#mixamorig_Spine1-Matrix-animation-input"/>
        <input semantic="OUTPUT" source="#mixamorig_Spine1-Matrix-animation-output-transform"/>
        <input semantic="INTERPOLATION" source="#mixamorig_Spine1-Interpolations"/>
      </sampler>
      <channel source="#mixamorig_Spine1-Matrix-animation-transform" target="mixamorig_Spine1/matrix"/>
    </animation>
    <animation id="mixamorig_Spine2-anim" name="mixamorig_Spine2">
      <source id="mixamorig_Spine2-Matrix-animation-input">
        <float_array id="mixamorig_Spine2-Matrix-animation-input-array" count="50">

0.000000 0.033333 0.066667 0.100000 0.133333 0.166667 0.200000 0.233333 0.266667 0.300000 0.333333 0.366667 0.400000 0.433333 0.466667 0.500000
0.533333 0.566667 0.600000 0.633333 0.666667 0.700000 0.733333 0.766667 0.800000 0.833333 0.866667 0.900000 0.933333 0.966667 1.000000 1.033333
1.066667 1.100000 1.133333 1.166667 1.200000 1.233333 1.266667 1.300000 1.333333 1.366667 1.400000 1.433333 1.466667 1.500000 1.533333 1.566667
1.600000 1.633333</float_array>
        <technique_common>
          <accessor source="#mixamorig_Spine2-Matrix-animation-input-array" count="50">
            <param name="TIME" type="float"/>
          </accessor>
        </technique_common>
      </source>
      <source id="mixamorig_Spine2-Matrix-animation-output-transform">
        <float_array id="mixamorig_Spine2-Matrix-animation-output-transform-array" count="800">

0.998694 0.049813 0.011324 -0.000000 -0.045781 0.971106 -0.234215 8.141900 -0.022664 0.233391 0.972119 0.000000 0.000000 0.000000 0.000000 1.000000
0.994304 0.063433 0.085651 0.000000 -0.041120 0.969704 -0.240799 8.141900 -0.098331 0.235905 0.966788 0.000000 0.000000 0.000000 0.000000 1.000000
0.986187 0.077438 0.146419 0.000000 -0.038371 0.966744 -0.252851 8.141900 -0.161130 0.243740 0.956362 0.000000 0.000000 0.000000 0.000000 1.000000
0.984175 0.084065 0.155991 0.000000 -0.039995 0.962972 -0.266618 8.141900 -0.172628 0.256160 0.951095 -0.000000 0.000000 0.000000 0.000000 1.000000
0.984931 0.094737 0.144690 0.000000 -0.050893 0.958344 -0.281047 8.141900 -0.165288 0.269448 0.948724 0.000000 0.000000 0.000000 0.000000 1.000000
0.985820 0.107802 0.128598 0.000000 -0.065679 0.953091 -0.295474 8.141900 -0.154418 0.282838 0.946656 -0.000000 0.000000 0.000000 0.000000 1.000000
0.985957 0.122405 0.113607 0.000000 -0.082532 0.948537 -0.305723 8.141900 -0.145182 0.292054 0.945318 -0.000000 0.000000 0.000000 0.000000 1.000000
0.986117 0.134908 0.096820 0.000000 -0.099269 0.946338 -0.307556 8.141900 -0.133116 0.293675 0.946591 0.000000 0.000000 0.000000 0.000000 1.000000
0.987982 0.137765 0.070094 -0.000000 -0.110498 0.946579 -0.302950 8.141900 -0.108085 0.291564 0.950425 -0.000000 0.000000 0.000000 0.000000 1.000000
0.990524 0.129874 0.044673 0.000000 -0.111106 0.948941 -0.295240 8.141900 -0.080736 0.287479 0.954378 0.000000 0.000000 0.000000 0.000000 1.000000
0.992416 0.118386 0.033103 -0.000000 -0.103951 0.951953 -0.288063 8.141900 -0.065615 0.282437 0.957039 0.000000 0.000000 0.000000 0.000000 1.000000
0.993131 0.109108 0.042253 0.000000 -0.092806 0.954500 -0.283400 8.141900 -0.071252 0.277533 0.958070 0.000000 0.000000 0.000000 0.000000 1.000000
0.993479 0.101348 0.052230 0.000000 -0.082906 0.956622 -0.279286 8.141900 -0.078269 0.273135 0.958786 0.000000 0.000000 0.000000 0.000000 1.000000
0.993338 0.097233 0.061851 0.000000 -0.076457 0.957659 -0.277569 8.141900 -0.086220 0.270991 0.958713 0.000000 0.000000 0.000000 0.000000 1.000000
0.993118 0.095704 0.067511 -0.000000 -0.073184 0.957130 -0.280262 8.141900 -0.091439 0.273392 0.957547 0.000000 0.000000 0.000000 0.000000 1.000000
0.993681 0.096609 0.057141 -0.000000 -0.076623 0.955870 -0.283622 8.141900 -0.082019 0.277452 0.957232 0.000000 0.000000 0.000000 0.000000 1.000000
0.993680 0.107621 0.031904 0.000000 -0.093877 0.952580 -0.289445 8.141900 -0.061541 0.284621 0.956663 0.000000 0.000000 0.000000 0.000000 1.000000
0.992076 0.125053 0.012095 0.000000 -0.115912 0.948176 -0.295848 8.141900 -0.048465 0.292102 0.955158 0.000000 0.000000 0.000000 0.000000 1.000000
0.990072 0.140450 0.005548 0.000000 -0.132165 0.943653 -0.303401 8.141900 -0.047848 0.299655 0.952847 0.000000 0.000000 0.000000 0.000000 1.000000
0.988553 0.150804 0.004543 0.000000 -0.142123 0.940905 -0.307407 8.141900 -0.050632 0.303243 0.951567 0.000000 0.000000 0.000000 0.000000 1.000000
0.987845 0.155282 0.007100 0.000000 -0.145711 0.940932 -0.305639 8.141900 -0.054141 0.300890 0.952121 0.000000 0.000000 0.000000 0.000000 1.000000
0.987545 0.157008 0.010184 -0.000000 -0.146873 0.943135 -0.298201 8.141900 -0.056425 0.292991 0.954449 -0.000000 0.000000 0.000000 0.000000 1.000000
0.987279 0.157572 0.021223 0.000000 -0.144934 0.946794 -0.287359 8.141900 -0.065374 0.280628 0.957588 0.000000 0.000000 0.000000 0.000000 1.000000
0.987166 0.156093 0.033741 -0.000000 -0.140701 0.950043 -0.278606 8.141900 -0.075544 0.270282 0.959813 0.000000 0.000000 0.000000 0.000000 1.000000
0.987473 0.151732 0.043292 -0.000000 -0.134192 0.951909 -0.275429 8.141900 -0.083002 0.266169 0.960346 -0.000000 0.000000 0.000000 0.000000 1.000000
0.989624 0.139814 0.033107 -0.000000 -0.125765 0.954344 -0.270946 8.141900 -0.069477 0.263971 0.962025 -0.000000 0.000000 0.000000 0.000000 1.000000
0.992182 0.124227 0.011955 0.000000 -0.116585 0.956787 -0.266397 8.141900 -0.044532 0.262920 0.963789 0.000000 0.000000 0.000000 0.000000 1.000000
0.994400 0.105262 -0.009415 0.000000 -0.104011 0.959009 -0.263599 8.141900 -0.018717 0.263102 0.964586 0.000000 0.000000 0.000000 0.000000 1.000000
0.996241 0.086098 -0.009505 -0.000000 -0.085548 0.960755 -0.263877 8.141900 -0.013587 0.263698 0.964510 0.000000 0.000000 0.000000 0.000000 1.000000
0.997145 0.075062 0.008181 0.000000 -0.070205 0.961552 -0.265498 8.141900 -0.027795 0.264166 0.964077 0.000000 0.000000 0.000000 0.000000 1.000000
0.996929 0.077639 0.010194 0.000000 -0.072116 0.961041 -0.266831 8.141900 -0.030514 0.265276 0.963689 0.000000 0.000000 0.000000 0.000000 1.000000
0.995584 0.093210 -0.011119 0.000000 -0.092787 0.959220 -0.266998 8.141900 -0.014221 0.266851 0.963633 0.000000 0.000000 0.000000 0.000000 1.000000
0.992827 0.113879 -0.036425 0.000000 -0.119477 0.956505 -0.266128 8.141900 0.004534 0.268571 0.963249 -0.000000 0.000000 0.000000 0.000000 1.000000
0.989832 0.130344 -0.056956 0.000000 -0.140873 0.953742 -0.265578 8.141900 0.019704 0.270901 0.962406 0.000000 0.000000 0.000000 0.000000 1.000000
0.988814 0.134791 -0.063858 -0.000000 -0.147140 0.951641 -0.269683 8.141900 0.024419 0.276062 0.960830 -0.000000 0.000000 0.000000 0.000000 1.000000
0.989407 0.131634 -0.061201 0.000000 -0.143464 0.951022 -0.273816 8.141900 0.022160 0.279696 0.959833 -0.000000 0.000000 0.000000 0.000000 1.000000
0.990992 0.121999 -0.055228 -0.000000 -0.132567 0.952104 -0.275542 8.141900 0.018967 0.280381 0.959701 0.000000 0.000000 0.000000 0.000000 1.000000
0.992650 0.111078 -0.048047 0.000000 -0.120077 0.953515 -0.276389 8.141900 0.015113 0.280127 0.959844 0.000000 0.000000 0.000000 0.000000 1.000000
0.994001 0.101649 -0.040370 0.000000 -0.108870 0.954890 -0.276284 8.141900 0.010465 0.279022 0.960228 -0.000000 0.000000 0.000000 0.000000 1.000000
0.994428 0.099980 -0.033426 0.000000 -0.105326 0.955625 -0.275113 8.141900 0.004437 0.277100 0.960831 0.000000 0.000000 0.000000 0.000000 1.000000
0.994391 0.102279 -0.026933 0.000000 -0.105743 0.956102 -0.273289 8.141900 -0.002201 0.274604 0.961555 -0.000000 0.000000 0.000000 0.000000 1.000000
0.994297 0.104638 -0.020595 0.000000 -0.106295 0.956713 -0.270928 8.141900 -0.008646 0.271572 0.962379 0.000000 0.000000 0.000000 0.000000 1.000000
0.994811 0.100797 -0.013802 0.000000 -0.100796 0.958088 -0.268157 8.141900 -0.013806 0.268157 0.963276 0.000000 0.000000 0.000000 0.000000 1.000000
0.995564 0.093798 -0.007311 0.000000 -0.092398 0.960144 -0.263793 8.141900 -0.017723 0.263299 0.964552 0.000000 0.000000 0.000000 0.000000 1.000000
0.996187 0.087216 -0.002008 0.000000 -0.084761 0.962183 -0.258880 8.141900 -0.020646 0.258063 0.965907 0.000000 0.000000 0.000000 0.000000 1.000000
0.996775 0.080218 0.002177 -0.000000 -0.077060 0.964403 -0.252960 8.141900 -0.022392 0.251976 0.967474 -0.000000 0.000000 0.000000 0.000000 1.000000
0.997325 0.072894 0.005478 0.000000 -0.069294 0.966613 -0.246695 8.141900 -0.023278 0.245655 0.969078 0.000000 0.000000 0.000000 0.000000 1.000000
0.997835 0.065279 0.008030 0.000000 -0.061433 0.968659 -0.240680 8.141900 -0.023490 0.239665 0.970571 0.000000 0.000000 0.000000 0.000000 1.000000
0.998290 0.057611 0.009924 0.000000 -0.053646 0.970259 -0.236051 8.141900 -0.023228 0.235115 0.971690 0.000000 0.000000 0.000000 0.000000 1.000000
0.998690 0.049895 0.011313 0.000000 -0.045864 0.971102 -0.234216 8.141900 -0.022672 0.233391 0.972119 -0.000000 0.000000 0.000000 0.000000 1.000000</float_array>
        <technique_common>
          <accessor source="#mixamorig_Spine2-Matrix-animation-output-transform-array" count="50" stride="16">
            <param type="float4x4"/>
          </accessor>
        </technique_common>
      </source>
      <source id="mixamorig_Spine2-Interpolations">
        <Name_array id="mixamorig_Spine2-Interpolations-array" count="50">
 LINEAR LINEAR LINEAR LINEAR LINEAR LINEAR LINEAR LINEAR LINEAR LINEAR LINEAR
LINEAR LINEAR LINEAR LINEAR LINEAR LINEAR LINEAR LINEAR LINEAR LINEAR LINEAR LINEAR
LINEAR LINEAR LINEAR LINEAR LINEAR LINEAR LINEAR LINEAR LINEAR LINEAR LINEAR LINEAR
LINEAR LINEAR LINEAR LINEAR LINEAR LINEAR LINEAR LINEAR LINEAR LINEAR LINEAR LINEAR
LINEAR LINEAR LINEAR</Name_array>
        <technique_common>
          <accessor source="#mixamorig_Spine2-Interpolations-array" count="50">
            <param type="name"/>
          </accessor>
        </technique_common>
      </source>
      <sampler id="mixamorig_Spine2-Matrix-animation-transform">
        <input semantic="INPUT" source="#mixamorig_Spine2-Matrix-animation-input"/>
        <input semantic="OUTPUT" source="#mixamorig_Spine2-Matrix-animation-output-transform"/>
        <input semantic="INTERPOLATION" source="#mixamorig_Spine2-Interpolations"/>
