<?xml version="1.0" encoding="utf-8"?>
<COLLADA xmlns="http://www.collada.org/2005/11/COLLADASchema" version="1.4.1">
  <asset>
    <contributor>
      <author>Mixamo</author>
      <authoring_tool>COLLADA Mixamo exporter</authoring_tool>
      <comments/>
    </contributor>
    <created>2024-03-05T20:59:05Z</created>
    <modified>2024-03-05T20:59:05Z</modified>
    <revision/>
    <title/>
    <unit meter="0.010000"/>
    <up_axis>Y_UP</up_axis>
  </asset>
  <library_animations>
    <animation id="mixamorig_Hips-anim" name="mixamorig_Hips">
      <source id="mixamorig_Hips-Matrix-animation-input">
        <float_array id="mixamorig_Hips-Matrix-animation-input-array" count="345">

0.000000 0.033333 0.066667 0.100000 0.133333 0.166667 0.200000 0.233333 0.266667 0.300000 0.333333 0.366667 0.400000 0.433333 0.466667 0.500000
0.533333 0.566667 0.600000 0.633333 0.666667 0.700000 0.733333 0.766667 0.800000 0.833333 0.866667 0.900000 0.933333 0.966667 1.000000 1.033333
1.066667 1.100000 1.133333 1.166667 1.200000 1.233333 1.266667 1.300000 1.333333 1.366667 1.400000 1.433333 1.466667 1.500000 1.533333 1.566667
1.600000 1.633333 1.666667 1.700000 1.733333 1.766667 1.800000 1.833333 1.866667 1.900000 1.933333 1.966667 2.000000 2.033333 2.066667 2.100000
2.133333 2.166667 2.200000 2.233333 2.266667 2.300000 2.333333 2.366667 2.400000 2.433333 2.466667 2.500000 2.533333 2.566667 2.600000 2.633333
2.666667 2.700000 2.733333 2.766667 2.800000 2.833333 2.866667 2.900000 2.933333 2.966667 3.000000 3.033333 3.066667 3.100000 3.133333 3.166667
3.200000 3.233333 3.266667 3.300000 3.333333 3.366667 3.400000 3.433333 3.466667 3.500000 3.533333 3.566667 3.600000 3.633333 3.666667 3.700000
3.733333 3.766667 3.800000 3.833333 3.866667 3.900000 3.933333 3.966667 4.000000 4.033333 4.066667 4.100000 4.133333 4.166667 4.200000 4.233333
4.266667 4.300000 4.333333 4.366667 4.400000 4.433333 4.466667 4.500000 4.533333 4.566667 4.600000 4.633333 4.666667 4.700000 4.733333 4.766667
4.800000 4.833333 4.866667 4.900000 4.933333 4.966667 5.000000 5.033333 5.066667 5.100000 5.133333 5.166667 5.200000 5.233333 5.266667 5.300000
5.333333 5.366667 5.400000 5.433333 5.466667 5.500000 5.533333 5.566667 5.600000 5.633333 5.666667 5.700000 5.733333 5.766667 5.800000 5.833333
5.866667 5.900000 5.933333 5.966667 6.000000 6.033333 6.066667 6.100000 6.133333 6.166667 6.200000 6.233333 6.266667 6.300000 6.333333 6.366667
6.400000 6.433333 6.466667 6.500000 6.533333 6.566667 6.600000 6.633333 6.666667 6.700000 6.733333 6.766667 6.800000 6.833333 6.866667 6.900000
6.933333 6.966667 7.000000 7.033333 7.066667 7.100000 7.133333 7.166667 7.200000 7.233333 7.266667 7.300000 7.333333 7.366667 7.400000 7.433333
7.466667 7.500000 7.533333 7.566667 7.600000 7.633333 7.666667 7.700000 7.733333 7.766667 7.800000 7.833333 7.866667 7.900000 7.933333 7.966667
8.000000 8.033333 8.066667 8.100000 8.133333 8.166667 8.200000 8.233333 8.266667 8.300000 8.333333 8.366667 8.400000 8.433333 8.466667 8.500000
8.533333 8.566667 8.600000 8.633333 8.666667 8.700000 8.733333 8.766667 8.800000 8.833333 8.866667 8.900000 8.933333 8.966667 9.000000 9.033333
9.066667 9.100000 9.133333 9.166667 9.200000 9.233333 9.266667 9.300000 9.333333 9.366667 9.400000 9.433333 9.466667 9.500000 9.533333 9.566667
9.600000 9.633333 9.666667 9.700000 9.733333 9.766667 9.800000 9.833333 9.866667 9.900000 9.933333 9.966667 10.000000 10.033333 10.066667 10.100000
10.133333 10.166667 10.200000 10.233333 10.266667 10.300000 10.333333 10.366667 10.400000 10.433333 10.466667 10.500000 10.533333 10.566667 10.600000 10.633333
10.666667 10.700000 10.733333 10.766667 10.800000 10.833333 10.866667 10.900000 10.933333 10.966667 11.000000 11.033333 11.066667 11.100000 11.133333 11.166667
11.200000 11.233333 11.266667 11.300000 11.333333 11.366667 11.400000 11.433333 11.466667</float_array>
        <technique_common>
          <accessor source="#mixamorig_Hips-Matrix-animation-input-array" count="345">
            <param name="TIME" type="float"/>
          </accessor>
        </technique_common>
      </source>
      <source id="mixamorig_Hips-Matrix-animation-output-transform">
        <float_array id="mixamorig_Hips-Matrix-animation-output-transform-array" count="5520">

0.999762 0.003980 0.021430 -0.012616 -0.006229 0.994352 0.105946 100.060181 -0.020887 -0.106054 0.994141 2.706868 0.000000 0.000000 0.000000 1.000000
0.999787 0.004672 0.020082 0.057193 -0.006786 0.994286 0.106531 100.096558 -0.019470 -0.106645 0.994107 2.756757 0.000000 0.000000 0.000000 1.000000
0.999821 0.005399 0.018132 0.131884 -0.007301 0.994280 0.106557 100.180168 -0.017453 -0.106670 0.994141 2.811920 0.000000 0.000000 0.000000 1.000000
0.999854 0.006152 0.015944 0.214617 -0.007803 0.994372 0.105659 100.311058 -0.015204 -0.105768 0.994275 2.876155 0.000000 0.000000 0.000000 1.000000
0.999880 0.006860 0.013914 0.315803 -0.008268 0.994564 0.103797 100.477585 -0.013126 -0.103900 0.994501 2.952553 0.000000 0.000000 0.000000 1.000000
0.999899 0.007418 0.012102 0.442447 -0.008606 0.994822 0.101270 100.660980 -0.011288 -0.101364 0.994785 3.037992 0.000000 0.000000 0.000000 1.000000
0.999915 0.007767 0.010445 0.584028 -0.008758 0.995101 0.098474 100.839996 -0.009629 -0.098557 0.995085 3.120685 0.000000 0.000000 0.000000 1.000000
0.999928 0.007932 0.008986 0.720197 -0.008756 0.995373 0.095684 100.998306 -0.008186 -0.095756 0.995371 3.188888 0.000000 0.000000 0.000000 1.000000
0.999938 0.007980 0.007813 0.838776 -0.008672 0.995625 0.093039 101.128693 -0.007036 -0.093101 0.995632 3.238445 0.000000 0.000000 0.000000 1.000000
0.999944 0.008051 0.006865 0.935799 -0.008642 0.995826 0.090866 101.217949 -0.006104 -0.090920 0.995839 3.268111 0.000000 0.000000 0.000000 1.000000
0.999948 0.008251 0.005997 1.006515 -0.008754 0.995958 0.089392 101.268814 -0.005236 -0.089440 0.995978 3.281041 0.000000 0.000000 0.000000 1.000000
0.999949 0.008562 0.005296 1.048685 -0.008998 0.996016 0.088722 101.284874 -0.004515 -0.088765 0.996042 3.282220 0.000000 0.000000 0.000000 1.000000
0.999949 0.008884 0.004900 1.066948 -0.009283 0.996015 0.088705 101.271698 -0.004092 -0.088746 0.996046 3.278285 0.000000 0.000000 0.000000 1.000000
0.999946 0.009153 0.004849 1.069757 -0.009549 0.995981 0.089058 101.234383 -0.004015 -0.089099 0.996015 3.274834 0.000000 0.000000 0.000000 1.000000
0.999943 0.009362 0.005101 1.063684 -0.009782 0.995932 0.089575 101.181999 -0.004242 -0.089620 0.995967 3.275503 0.000000 0.000000 0.000000 1.000000
0.999940 0.009469 0.005560 1.051789 -0.009932 0.995882 0.090118 101.127800 -0.004683 -0.090168 0.995916 3.282178 0.000000 0.000000 0.000000 1.000000
0.999937 0.009393 0.006145 1.036335 -0.009911 0.995843 0.090544 101.083893 -0.005269 -0.090600 0.995873 3.295078 0.000000 0.000000 0.000000 1.000000
0.999935 0.009120 0.006867 1.019442 -0.009705 0.995825 0.090760 101.058830 -0.006010 -0.090821 0.995849 3.314181 0.000000 0.000000 0.000000 1.000000
0.999931 0.008801 0.007829 1.001926 -0.009475 0.995828 0.090756 101.054314 -0.006997 -0.090824 0.995842 3.341874 0.000000 0.000000 0.000000 1.000000
0.999922 0.008648 0.009043 0.983183 -0.009431 0.995856 0.090457 101.068291 -0.008223 -0.090536 0.995859 3.382133 0.000000 0.000000 0.000000 1.000000
0.999909 0.008708 0.010299 0.964182 -0.009597 0.995929 0.089624 101.099884 -0.009476 -0.089714 0.995922 3.433990 0.000000 0.000000 0.000000 1.000000
0.999897 0.008843 0.011332 0.948071 -0.009807 0.996064 0.088096 101.147873 -0.010508 -0.088198 0.996048 3.488355 0.000000 0.000000 0.000000 1.000000
0.999888 0.008923 0.012028 0.937120 -0.009926 0.996240 0.086071 101.205200 -0.011215 -0.086180 0.996216 3.534833 0.000000 0.000000 0.000000 1.000000
0.999883 0.008900 0.012411 0.930834 -0.009911 0.996418 0.083981 101.260056 -0.011619 -0.084094 0.996390 3.568672 0.000000 0.000000 0.000000 1.000000
0.999883 0.008755 0.012536 0.927126 -0.009756 0.996567 0.082212 101.303230 -0.011774 -0.082324 0.996536 3.590163 0.000000 0.000000 0.000000 1.000000
0.999886 0.008507 0.012451 0.924136 -0.009488 0.996671 0.080970 101.331215 -0.011721 -0.081079 0.996639 3.601325 0.000000 0.000000 0.000000 1.000000
0.999892 0.008222 0.012185 0.920634 -0.009175 0.996729 0.080291 101.344841 -0.011485 -0.080394 0.996697 3.604540 0.000000 0.000000 0.000000 1.000000
0.999899 0.007947 0.011760 0.915526 -0.008863 0.996749 0.080076 101.346100 -0.011086 -0.080172 0.996719 3.602383 0.000000 0.000000 0.000000 1.000000
0.999908 0.007650 0.011241 0.907319 -0.008527 0.996743 0.080195 101.337128 -0.010591 -0.080284 0.996716 3.597373 0.000000 0.000000 0.000000 1.000000
0.999916 0.007300 0.010742 0.894840 -0.008142 0.996717 0.080551 101.321480 -0.010119 -0.080632 0.996693 3.591970 0.000000 0.000000 0.000000 1.000000
0.999923 0.006913 0.010346 0.877233 -0.007729 0.996682 0.081030 101.304825 -0.009752 -0.081104 0.996658 3.588645 0.000000 0.000000 0.000000 1.000000
0.999928 0.006502 0.010057 0.853482 -0.007301 0.996645 0.081525 101.293365 -0.009493 -0.081593 0.996621 3.589569 0.000000 0.000000 0.000000 1.000000
0.999933 0.006043 0.009894 0.821708 -0.006834 0.996604 0.082054 101.291008 -0.009364 -0.082116 0.996579 3.596189 0.000000 0.000000 0.000000 1.000000
0.999935 0.005522 0.009966 0.779799 -0.006327 0.996552 0.082733 101.298645 -0.009474 -0.082790 0.996522 3.609625 0.000000 0.000000 0.000000 1.000000
0.999934 0.004959 0.010335 0.726793 -0.005805 0.996489 0.083520 101.317177 -0.009885 -0.083575 0.996452 3.631264 0.000000 0.000000 0.000000 1.000000
0.999931 0.004394 0.010850 0.664523 -0.005290 0.996449 0.084032 101.350868 -0.010442 -0.084083 0.996404 3.661697 0.000000 0.000000 0.000000 1.000000
0.999929 0.003905 0.011254 0.597907 -0.004834 0.996473 0.083776 101.405914 -0.010887 -0.083824 0.996421 3.698830 0.000000 0.000000 0.000000 1.000000
0.999929 0.003556 0.011389 0.533583 -0.004485 0.996573 0.082592 101.484688 -0.011056 -0.082638 0.996518 3.738895 0.000000 0.000000 0.000000 1.000000
0.999932 0.003280 0.011185 0.476210 -0.004173 0.996730 0.080701 101.582497 -0.010883 -0.080742 0.996676 3.778822 0.000000 0.000000 0.000000 1.000000
0.999940 0.002915 0.010605 0.426513 -0.003737 0.996918 0.078368 101.691116 -0.010343 -0.078402 0.996868 3.815746 0.000000 0.000000 0.000000 1.000000
0.999950 0.002403 0.009716 0.382250 -0.003132 0.997121 0.075757 101.803711 -0.009506 -0.075783 0.997079 3.847195 0.000000 0.000000 0.000000 1.000000
0.999960 0.001868 0.008761 0.342405 -0.002502 0.997327 0.073020 101.916382 -0.008601 -0.073039 0.997292 3.872928 0.000000 0.000000 0.000000 1.000000
0.999967 0.001435 0.008009 0.308552 -0.001995 0.997522 0.070320 102.026123 -0.007888 -0.070334 0.997492 3.893364 0.000000 0.000000 0.000000 1.000000
0.999971 0.001096 0.007532 0.281638 -0.001604 0.997701 0.067758 102.128815 -0.007441 -0.067768 0.997673 3.907373 0.000000 0.000000 0.000000 1.000000
0.999973 0.000810 0.007236 0.259411 -0.001281 0.997860 0.065372 102.220932 -0.007168 -0.065379 0.997835 3.913962 0.000000 0.000000 0.000000 1.000000
0.999975 0.000598 0.007100 0.238667 -0.001046 0.997999 0.063216 102.302422 -0.007048 -0.063221 0.997975 3.913168 0.000000 0.000000 0.000000 1.000000
0.999974 0.000450 0.007185 0.219400 -0.000890 0.998115 0.061366 102.375656 -0.007144 -0.061371 0.998089 3.904826 0.000000 0.000000 0.000000 1.000000
0.999972 0.000252 0.007437 0.203908 -0.000696 0.998208 0.059829 102.441696 -0.007408 -0.059832 0.998181 3.888867 0.000000 0.000000 0.000000 1.000000
0.999971 -0.000069 0.007678 0.192804 -0.000380 0.998287 0.058499 102.500404 -0.007669 -0.058500 0.998258 3.866247 0.000000 0.000000 0.000000 1.000000
0.999970 -0.000398 0.007782 0.184336 -0.000048 0.998363 0.057196 102.553406 -0.007792 -0.057195 0.998333 3.839014 0.000000 0.000000 0.000000 1.000000
0.999970 -0.000578 0.007708 0.177669 0.000147 0.998443 0.055786 102.603386 -0.007728 -0.055783 0.998413 3.809426 0.000000 0.000000 0.000000 1.000000
0.999972 -0.000590 0.007440 0.174136 0.000185 0.998526 0.054269 102.651840 -0.007461 -0.054266 0.998499 3.779387 0.000000 0.000000 0.000000 1.000000
0.999976 -0.000485 0.006949 0.174781 0.000118 0.998607 0.052768 102.699409 -0.006964 -0.052766 0.998583 3.751266 0.000000 0.000000 0.000000 1.000000
0.999980 -0.000242 0.006243 0.179303 -0.000079 0.998677 0.051426 102.746529 -0.006247 -0.051426 0.998657 3.727735 0.000000 0.000000 0.000000 1.000000
0.999985 0.000220 0.005406 0.186522 -0.000491 0.998733 0.050314 102.792465 -0.005388 -0.050316 0.998719 3.709167 0.000000 0.000000 0.000000 1.000000
0.999990 0.000890 0.004482 0.195122 -0.001110 0.998777 0.049429 102.834923 -0.004432 -0.049433 0.998768 3.692465 0.000000 0.000000 0.000000 1.000000
0.999993 0.001634 0.003457 0.204286 -0.001801 0.998808 0.048778 102.868927 -0.003373 -0.048784 0.998804 3.673430 0.000000 0.000000 0.000000 1.000000
0.999995 0.002318 0.002333 0.214061 -0.002429 0.998824 0.048432 102.891388 -0.002218 -0.048437 0.998824 3.649717 0.000000 0.000000 0.000000 1.000000
0.999995 0.002967 0.001100 0.225282 -0.003017 0.998822 0.048425 102.906227 -0.000955 -0.048428 0.998826 3.622438 0.000000 0.000000 0.000000 1.000000
0.999993 0.003735 -0.000242 0.239249 -0.003719 0.998810 0.048635 102.922325 0.000423 -0.048633 0.998817 3.596307 0.000000 0.000000 0.000000 1.000000
0.999988 0.004685 -0.001555 0.256388 -0.004604 0.998797 0.048822 102.946297 0.001782 -0.048814 0.998806 3.577037 0.000000 0.000000 0.000000 1.000000
0.999980 0.005693 -0.002696 0.277210 -0.005555 0.998791 0.048834 102.978134 0.002970 -0.048818 0.998803 3.565728 0.000000 0.000000 0.000000 1.000000
0.999971 0.006553 -0.003805 0.302231 -0.006360 0.998788 0.048810 103.014023 0.004121 -0.048784 0.998801 3.556632 0.000000 0.000000 0.000000 1.000000
0.999960 0.007184 -0.005261 0.330715 -0.006918 0.998772 0.049058 103.049911 0.005607 -0.049020 0.998782 3.543134 0.000000 0.000000 0.000000 1.000000
0.999944 0.007649 -0.007300 0.360141 -0.007278 0.998739 0.049667 103.082352 0.007670 -0.049611 0.998739 3.524114 0.000000 0.000000 0.000000 1.000000
0.999921 0.007981 -0.009753 0.388389 -0.007480 0.998703 0.050367 103.108849 0.010143 -0.050291 0.998683 3.502603 0.000000 0.000000 0.000000 1.000000
0.999894 0.008120 -0.012124 0.415634 -0.007494 0.998678 0.050852 103.127853 0.012521 -0.050756 0.998633 3.481056 0.000000 0.000000 0.000000 1.000000
0.999869 0.008115 -0.013988 0.442880 -0.007391 0.998669 0.051040 103.140518 0.014383 -0.050930 0.998599 3.460165 0.000000 0.000000 0.000000 1.000000
0.999848 0.008173 -0.015386 0.469266 -0.007379 0.998673 0.050959 103.149628 0.015782 -0.050838 0.998582 3.439850 0.000000 0.000000 0.000000 1.000000
0.999827 0.008396 -0.016599 0.492548 -0.007546 0.998690 0.050611 103.156563 0.017002 -0.050477 0.998581 3.419057 0.000000 0.000000 0.000000 1.000000
0.999806 0.008615 -0.017689 0.511466 -0.007720 0.998716 0.050059 103.161072 0.018097 -0.049913 0.998590 3.396022 0.000000 0.000000 0.000000 1.000000
0.999791 0.008626 -0.018531 0.525974 -0.007700 0.998744 0.049500 103.161674 0.018935 -0.049347 0.998602 3.370726 0.000000 0.000000 0.000000 1.000000
0.999783 0.008439 -0.019065 0.536235 -0.007494 0.998765 0.049113 103.157967 0.019456 -0.048960 0.998611 3.346266 0.000000 0.000000 0.000000 1.000000
0.999780 0.008187 -0.019311 0.542056 -0.007234 0.998776 0.048932 103.151886 0.019688 -0.048781 0.998615 3.326643 0.000000 0.000000 0.000000 1.000000
0.999782 0.007954 -0.019300 0.543525 -0.007003 0.998782 0.048840 103.146194 0.019665 -0.048694 0.998620 3.314107 0.000000 0.000000 0.000000 1.000000
0.999788 0.007744 -0.019086 0.541234 -0.006807 0.998791 0.048682 103.141823 0.019440 -0.048542 0.998632 3.309144 0.000000 0.000000 0.000000 1.000000
0.999795 0.007544 -0.018773 0.535901 -0.006628 0.998807 0.048389 103.137802 0.019116 -0.048255 0.998652 3.312311 0.000000 0.000000 0.000000 1.000000
0.999802 0.007349 -0.018495 0.527827 -0.006454 0.998827 0.048000 103.134514 0.018826 -0.047871 0.998676 3.325104 0.000000 0.000000 0.000000 1.000000
0.999806 0.007152 -0.018376 0.516577 -0.006271 0.998848 0.047582 103.130669 0.018695 -0.047457 0.998698 3.348330 0.000000 0.000000 0.000000 1.000000
0.999805 0.006956 -0.018463 0.502151 -0.006078 0.998868 0.047179 103.125854 0.018770 -0.047057 0.998716 3.380430 0.000000 0.000000 0.000000 1.000000
0.999803 0.006745 -0.018690 0.485864 -0.005864 0.998887 0.046804 103.120087 0.018985 -0.046685 0.998729 3.418604 0.000000 0.000000 0.000000 1.000000
0.999799 0.006540 -0.018967 0.470192 -0.005654 0.998905 0.046437 103.114365 0.019250 -0.046321 0.998741 3.460710 0.000000 0.000000 0.000000 1.000000
0.999794 0.006380 -0.019274 0.456438 -0.005487 0.998924 0.046049 103.107903 0.019547 -0.045934 0.998753 3.504883 0.000000 0.000000 0.000000 1.000000
0.999788 0.006226 -0.019624 0.443732 -0.005325 0.998945 0.045624 103.097015 0.019888 -0.045510 0.998766 3.548694 0.000000 0.000000 0.000000 1.000000
0.999782 0.005979 -0.020025 0.431245 -0.005071 0.998969 0.045124 103.076599 0.020274 -0.045012 0.998781 3.589943 0.000000 0.000000 0.000000 1.000000
0.999774 0.005590 -0.020493 0.419830 -0.004673 0.998997 0.044536 103.044250 0.020722 -0.044430 0.998798 3.626773 0.000000 0.000000 0.000000 1.000000
0.999766 0.005123 -0.021006 0.411536 -0.004195 0.999022 0.044019 103.000511 0.021211 -0.043921 0.998810 3.656747 0.000000 0.000000 0.000000 1.000000
0.999760 0.004686 -0.021404 0.406816 -0.003743 0.999029 0.043893 102.946312 0.021589 -0.043803 0.998807 3.677940 0.000000 0.000000 0.000000 1.000000
0.999760 0.004294 -0.021492 0.404130 -0.003337 0.999009 0.044376 102.882225 0.021661 -0.044293 0.998784 3.690785 0.000000 0.000000 0.000000 1.000000
0.999767 0.003905 -0.021253 0.402084 -0.002937 0.998966 0.045373 102.810982 0.021408 -0.045300 0.998744 3.698879 0.000000 0.000000 0.000000 1.000000
0.999776 0.003576 -0.020882 0.401179 -0.002600 0.998911 0.046581 102.737396 0.021026 -0.046517 0.998696 3.708452 0.000000 0.000000 0.000000 1.000000
0.999784 0.003413 -0.020515 0.401141 -0.002428 0.998852 0.047848 102.664268 0.020655 -0.047788 0.998644 3.724611 0.000000 0.000000 0.000000 1.000000
0.999795 0.003345 -0.019962 0.399439 -0.002356 0.998777 0.049381 102.589813 0.020103 -0.049324 0.998581 3.746796 0.000000 0.000000 0.000000 1.000000
0.999817 0.003205 -0.018858 0.393090 -0.002232 0.998675 0.051413 102.508682 0.018998 -0.051362 0.998499 3.769938 0.000000 0.000000 0.000000 1.000000
0.999850 0.002975 -0.017063 0.381356 -0.002053 0.998548 0.053835 102.417526 0.017199 -0.053792 0.998404 3.789715 0.000000 0.000000 0.000000 1.000000
0.999886 0.002744 -0.014826 0.365511 -0.001903 0.998407 0.056381 102.317314 0.014957 -0.056347 0.998299 3.805112 0.000000 0.000000 0.000000 1.000000
0.999917 0.002555 -0.012611 0.347129 -0.001807 0.998260 0.058939 102.212158 0.012739 -0.058911 0.998182 3.817710 0.000000 0.000000 0.000000 1.000000
0.999939 0.002445 -0.010740 0.326510 -0.001780 0.998105 0.061511 102.106071 0.010870 -0.061489 0.998049 3.830884 0.000000 0.000000 0.000000 1.000000
0.999955 0.002459 -0.009111 0.302881 -0.001871 0.997945 0.064049 102.004021 0.009250 -0.064029 0.997905 3.847861 0.000000 0.000000 0.000000 1.000000
0.999969 0.002620 -0.007491 0.277084 -0.002117 0.997791 0.066402 101.908150 0.007648 -0.066384 0.997765 3.867568 0.000000 0.000000 0.000000 1.000000
0.999978 0.002864 -0.006048 0.251122 -0.002443 0.997652 0.068439 101.819519 0.006230 -0.068422 0.997637 3.884446 0.000000 0.000000 0.000000 1.000000
0.999982 0.003078 -0.005188 0.227107 -0.002707 0.997535 0.070122 101.737305 0.005391 -0.070106 0.997525 3.893129 0.000000 0.000000 0.000000 1.000000
0.999983 0.003197 -0.004924 0.207144 -0.002837 0.997438 0.071479 101.658974 0.005140 -0.071464 0.997430 3.892172 0.000000 0.000000 0.000000 1.000000
0.999983 0.003232 -0.004884 0.193955 -0.002869 0.997360 0.072565 101.580612 0.005106 -0.072550 0.997352 3.883257 0.000000 0.000000 0.000000 1.000000
0.999983 0.003261 -0.004807 0.189620 -0.002899 0.997290 0.073514 101.499321 0.005034 -0.073498 0.997283 3.868278 0.000000 0.000000 0.000000 1.000000
0.999984 0.003340 -0.004654 0.193100 -0.002984 0.997215 0.074522 101.415237 0.004890 -0.074507 0.997208 3.847661 0.000000 0.000000 0.000000 1.000000
0.999985 0.003394 -0.004401 0.201428 -0.003052 0.997125 0.075706 101.330505 0.004645 -0.075692 0.997120 3.821167 0.000000 0.000000 0.000000 1.000000
0.999987 0.003274 -0.004011 0.212576 -0.002956 0.997029 0.076976 101.247559 0.004251 -0.076963 0.997025 3.789440 0.000000 0.000000 0.000000 1.000000
0.999990 0.002933 -0.003480 0.225493 -0.002652 0.996939 0.078138 101.167374 0.003699 -0.078128 0.996936 3.753298 0.000000 0.000000 0.000000 1.000000
0.999993 0.002490 -0.002806 0.239026 -0.002261 0.996863 0.079115 101.089745 0.002994 -0.079108 0.996862 3.712277 0.000000 0.000000 0.000000 1.000000
0.999996 0.002095 -0.002021 0.251572 -0.001926 0.996794 0.079991 101.014999 0.002182 -0.079986 0.996794 3.665558 0.000000 0.000000 0.000000 1.000000
0.999998 0.001858 -0.001182 0.262001 -0.001757 0.996722 0.080881 100.944794 0.001328 -0.080879 0.996723 3.614044 0.000000 0.000000 0.000000 1.000000
0.999998 0.001899 -0.000202 0.270910 -0.001876 0.996644 0.081831 100.881355 0.000357 -0.081830 0.996646 3.560272 0.000000 0.000000 0.000000 1.000000
0.999997 0.002235 0.001133 0.280032 -0.002321 0.996562 0.082822 100.826096 -0.000944 -0.082825 0.996564 3.506459 0.000000 0.000000 0.000000 1.000000
0.999992 0.002651 0.002873 0.289898 -0.002882 0.996479 0.083793 100.778564 -0.002641 -0.083801 0.996479 3.453096 0.000000 0.000000 0.000000 1.000000
0.999985 0.002863 0.004711 0.298348 -0.003252 0.996399 0.084721 100.735916 -0.004452 -0.084735 0.996394 3.399020 0.000000 0.000000 0.000000 1.000000
0.999976 0.002810 0.006258 0.302495 -0.003336 0.996315 0.085706 100.694130 -0.005994 -0.085725 0.996301 3.342350 0.000000 0.000000 0.000000 1.000000
0.999969 0.002636 0.007417 0.301238 -0.003271 0.996215 0.086867 100.649788 -0.007159 -0.086889 0.996192 3.281472 0.000000 0.000000 0.000000 1.000000
0.999962 0.002525 0.008325 0.296488 -0.003250 0.996096 0.088216 100.601242 -0.008069 -0.088239 0.996067 3.216187 0.000000 0.000000 0.000000 1.000000
0.999956 0.002596 0.009045 0.291912 -0.003397 0.995963 0.089697 100.549843 -0.008776 -0.089724 0.995928 3.147617 0.000000 0.000000 0.000000 1.000000
0.999950 0.002822 0.009550 0.289954 -0.003682 0.995822 0.091245 100.498688 -0.009253 -0.091276 0.995783 3.076426 0.000000 0.000000 0.000000 1.000000
0.999946 0.003048 0.009903 0.290574 -0.003954 0.995676 0.092808 100.453171 -0.009577 -0.092842 0.995635 3.001993 0.000000 0.000000 0.000000 1.000000
0.999943 0.003179 0.010210 0.291838 -0.004129 0.995526 0.094394 100.417023 -0.009864 -0.094431 0.995483 2.923935 0.000000 0.000000 0.000000 1.000000
0.999940 0.003264 0.010476 0.292209 -0.004255 0.995369 0.096032 100.391525 -0.010114 -0.096071 0.995323 2.843433 0.000000 0.000000 0.000000 1.000000
0.999938 0.003323 0.010633 0.292965 -0.004346 0.995214 0.097619 100.375916 -0.010257 -0.097659 0.995167 2.763531 0.000000 0.000000 0.000000 1.000000
0.999938 0.003270 0.010649 0.297405 -0.004307 0.995086 0.098922 100.372971 -0.010273 -0.098962 0.995038 2.688052 0.000000 0.000000 0.000000 1.000000
0.999939 0.003048 0.010577 0.307315 -0.004088 0.994999 0.099800 100.389847 -0.010220 -0.099837 0.994951 2.618156 0.000000 0.000000 0.000000 1.000000
0.999941 0.002708 0.010539 0.321571 -0.003752 0.994949 0.100316 100.429657 -0.010214 -0.100350 0.994900 2.550975 0.000000 0.000000 0.000000 1.000000
0.999941 0.002301 0.010636 0.338508 -0.003360 0.994920 0.100617 100.486908 -0.010351 -0.100647 0.994868 2.483502 0.000000 0.000000 0.000000 1.000000
0.999939 0.001806 0.010862 0.357240 -0.002892 0.994901 0.100811 100.553528 -0.010625 -0.100836 0.994846 2.416030 0.000000 0.000000 0.000000 1.000000
0.999937 0.001195 0.011144 0.376619 -0.002314 0.994886 0.100978 100.624619 -0.010967 -0.100997 0.994826 2.350493 0.000000 0.000000 0.000000 1.000000
0.999934 0.000510 0.011449 0.394829 -0.001666 0.994867 0.101179 100.697548 -0.011339 -0.101191 0.994802 2.287285 0.000000 0.000000 0.000000 1.000000
0.999931 -0.000176 0.011781 0.409720 -0.001020 0.994841 0.101436 100.768799 -0.011738 -0.101441 0.994772 2.224959 0.000000 0.000000 0.000000 1.000000
0.999927 -0.000816 0.012089 0.419247 -0.000418 0.994810 0.101746 100.833687 -0.012109 -0.101743 0.994737 2.162227 0.000000 0.000000 0.000000 1.000000
0.999924 -0.001367 0.012259 0.421505 0.000109 0.994775 0.102095 100.889618 -0.012335 -0.102086 0.994699 2.099559 0.000000 0.000000 0.000000 1.000000
0.999923 -0.001767 0.012256 0.415350 0.000502 0.994737 0.102456 100.939034 -0.012372 -0.102442 0.994662 2.038862 0.000000 0.000000 0.000000 1.000000
0.999923 -0.001966 0.012216 0.400540 0.000700 0.994707 0.102752 100.987930 -0.012353 -0.102736 0.994632 1.982740 0.000000 0.000000 0.000000 1.000000
0.999923 -0.001961 0.012289 0.378106 0.000687 0.994693 0.102887 101.044296 -0.012425 -0.102871 0.994617 1.934376 0.000000 0.000000 0.000000 1.000000
0.999921 -0.001806 0.012408 0.349305 0.000522 0.994706 0.102763 101.113953 -0.012528 -0.102749 0.994628 1.896710 0.000000 0.000000 0.000000 1.000000
0.999923 -0.001574 0.012323 0.315309 0.000305 0.994754 0.102292 101.197670 -0.012419 -0.102281 0.994678 1.869694 0.000000 0.000000 0.000000 1.000000
0.999929 -0.001312 0.011825 0.277917 0.000106 0.994840 0.101453 101.291626 -0.011897 -0.101444 0.994770 1.848856 0.000000 0.000000 0.000000 1.000000
0.999940 -0.001040 0.010887 0.239808 -0.000058 0.994951 0.100366 101.392479 -0.010936 -0.100360 0.994891 1.828583 0.000000 0.000000 0.000000 1.000000
0.999953 -0.000752 0.009646 0.203157 -0.000209 0.995066 0.099214 101.499237 -0.009673 -0.099212 0.995019 1.806904 0.000000 0.000000 0.000000 1.000000
0.999966 -0.000419 0.008244 0.168949 -0.000391 0.995184 0.098020 101.610001 -0.008245 -0.098020 0.995150 1.786202 0.000000 0.000000 0.000000 1.000000
0.999977 0.000011 0.006712 0.136711 -0.000659 0.995321 0.096619 101.721581 -0.006679 -0.096621 0.995299 1.770545 0.000000 0.000000 0.000000 1.000000
0.999987 0.000562 0.005117 0.104537 -0.001045 0.995488 0.094885 101.832916 -0.005041 -0.094889 0.995475 1.763009 0.000000 0.000000 0.000000 1.000000
0.999992 0.001154 0.003732 0.070472 -0.001495 0.995678 0.092860 101.945862 -0.003609 -0.092864 0.995672 1.763855 0.000000 0.000000 0.000000 1.000000
0.999994 0.001642 0.002924 0.034529 -0.001901 0.995882 0.090643 102.061478 -0.002763 -0.090648 0.995879 1.771063 0.000000 0.000000 0.000000 1.000000
0.999994 0.001972 0.002876 -0.001482 -0.002218 0.996094 0.088267 102.177078 -0.002691 -0.088273 0.996093 1.783201 0.000000 0.000000 0.000000 1.000000
0.999992 0.002226 0.003363 -0.036704 -0.002506 0.996321 0.085658 102.287933 -0.003160 -0.085665 0.996319 1.800491 0.000000 0.000000 0.000000 1.000000
0.999989 0.002483 0.003858 -0.073680 -0.002794 0.996570 0.082704 102.391212 -0.003639 -0.082714 0.996567 1.822115 0.000000 0.000000 0.000000 1.000000
0.999989 0.002679 0.003977 -0.116201 -0.002986 0.996837 0.079413 102.486259 -0.003752 -0.079424 0.996834 1.844004 0.000000 0.000000 0.000000 1.000000
0.999989 0.002723 0.003697 -0.165086 -0.002996 0.997108 0.075932 102.573250 -0.003479 -0.075943 0.997106 1.861231 0.000000 0.000000 0.000000 1.000000
0.999992 0.002664 0.003054 -0.218406 -0.002878 0.997372 0.072391 102.651550 -0.002853 -0.072399 0.997372 1.871881 0.000000 0.000000 0.000000 1.000000
0.999995 0.002660 0.001931 -0.274254 -0.002787 0.997624 0.068832 102.719559 -0.001743 -0.068837 0.997626 1.877080 0.000000 0.000000 0.000000 1.000000
0.999996 0.002816 0.000178 -0.331903 -0.002821 0.997859 0.065348 102.774834 0.000006 -0.065348 0.997863 1.878082 0.000000 0.000000 0.000000 1.000000
0.999993 0.003146 -0.002183 -0.391509 -0.003004 0.998061 0.062164 102.815826 0.002374 -0.062157 0.998064 1.874704 0.000000 0.000000 0.000000 1.000000
0.999981 0.003615 -0.004914 -0.453827 -0.003317 0.998223 0.059504 102.844719 0.005121 -0.059487 0.998216 1.867156 0.000000 0.000000 0.000000 1.000000
0.999962 0.004148 -0.007688 -0.518727 -0.003700 0.998345 0.057391 102.868317 0.007913 -0.057360 0.998322 1.858904 0.000000 0.000000 0.000000 1.000000
0.999936 0.004682 -0.010261 -0.585037 -0.004104 0.998445 0.055586 102.892784 0.010506 -0.055541 0.998401 1.855790 0.000000 0.000000 0.000000 1.000000
0.999907 0.005197 -0.012632 -0.651343 -0.004511 0.998545 0.053740 102.921173 0.012893 -0.053678 0.998475 1.862097 0.000000 0.000000 0.000000 1.000000
0.999870 0.005600 -0.015118 -0.716719 -0.004812 0.998655 0.051619 102.952614 0.015387 -0.051540 0.998552 1.878906 0.000000 0.000000 0.000000 1.000000
0.999820 0.005725 -0.018101 -0.778724 -0.004827 0.998776 0.049234 102.977631 0.018360 -0.049138 0.998623 1.905807 0.000000 0.000000 0.000000 1.000000
0.999752 0.005563 -0.021546 -0.837173 -0.004550 0.998896 0.046759 102.999954 0.021783 -0.046649 0.998674 1.942905 0.000000 0.000000 0.000000 1.000000
0.999674 0.005285 -0.024993 -0.891297 -0.004171 0.999006 0.044390 103.020874 0.025203 -0.044271 0.998702 1.988395 0.000000 0.000000 0.000000 1.000000
0.999592 0.004948 -0.028139 -0.942279 -0.003755 0.999098 0.042294 103.040710 0.028323 -0.042171 0.998709 2.038379 0.000000 0.000000 0.000000 1.000000
0.999507 0.004463 -0.031073 -0.992620 -0.003201 0.999173 0.040545 103.059898 0.031228 -0.040426 0.998694 2.089772 0.000000 0.000000 0.000000 1.000000
0.999421 0.003876 -0.033811 -1.042469 -0.002554 0.999234 0.039051 103.077415 0.033937 -0.038942 0.998665 2.142447 0.000000 0.000000 0.000000 1.000000
0.999339 0.003453 -0.036194 -1.089865 -0.002091 0.999291 0.037598 103.092682 0.036298 -0.037497 0.998637 2.195930 0.000000 0.000000 0.000000 1.000000
0.999259 0.003424 -0.038347 -1.133226 -0.002043 0.999351 0.035972 103.105209 0.038446 -0.035867 0.998617 2.245735 0.000000 0.000000 0.000000 1.000000
0.999168 0.003768 -0.040615 -1.172904 -0.002388 0.999420 0.033973 103.115715 0.040720 -0.033847 0.998597 2.286298 0.000000 0.000000 0.000000 1.000000
0.999068 0.004350 -0.042952 -1.209277 -0.003001 0.999502 0.031407 103.122101 0.043067 -0.031249 0.998583 2.316113 0.000000 0.000000 0.000000 1.000000
0.998978 0.005067 -0.044912 -1.241611 -0.003801 0.999594 0.028220 103.120453 0.045037 -0.028021 0.998592 2.336989 0.000000 0.000000 0.000000 1.000000
0.998915 0.005790 -0.046211 -1.272346 -0.004655 0.999686 0.024641 103.117470 0.046339 -0.024399 0.998628 2.349034 0.000000 0.000000 0.000000 1.000000
0.998885 0.006426 -0.046776 -1.304014 -0.005445 0.999763 0.021065 103.112808 0.046901 -0.020787 0.998683 2.347887 0.000000 0.000000 0.000000 1.000000
0.998898 0.007049 -0.046405 -1.338107 -0.006229 0.999822 0.017800 103.107979 0.046523 -0.017491 0.998764 2.330954 0.000000 0.000000 0.000000 1.000000
0.998959 0.007741 -0.044947 -1.373021 -0.007077 0.999864 0.014921 103.104149 0.045056 -0.014587 0.998878 2.303109 0.000000 0.000000 0.000000 1.000000
0.999052 0.008388 -0.042712 -1.405071 -0.007871 0.999894 0.012256 103.100067 0.042811 -0.011908 0.999012 2.273761 0.000000 0.000000 0.000000 1.000000
0.999145 0.008857 -0.040379 -1.431624 -0.008480 0.999919 0.009509 103.094391 0.040459 -0.009158 0.999139 2.249062 0.000000 0.000000 0.000000 1.000000
0.999214 0.009178 -0.038552 -1.452492 -0.008933 0.999939 0.006516 103.087753 0.038610 -0.006166 0.999235 2.229260 0.000000 0.000000 0.000000 1.000000
0.999253 0.009463 -0.037477 -1.468354 -0.009344 0.999951 0.003366 103.081680 0.037507 -0.003014 0.999292 2.212296 0.000000 0.000000 0.000000 1.000000
0.999267 0.009755 -0.037005 -1.479557 -0.009754 0.999952 0.000232 103.076569 0.037005 0.000129 0.999315 2.197223 0.000000 0.000000 0.000000 1.000000
0.999273 0.009995 -0.036791 -1.486146 -0.010106 0.999945 -0.002837 103.071518 0.036761 0.003206 0.999319 2.184252 0.000000 0.000000 0.000000 1.000000
0.999281 0.010097 -0.036536 -1.489388 -0.010320 0.999929 -0.005914 103.065071 0.036474 0.006287 0.999315 2.174394 0.000000 0.000000 0.000000 1.000000
0.999300 0.010055 -0.036034 -1.493544 -0.010390 0.999904 -0.009118 103.056793 0.035939 0.009486 0.999309 2.170777 0.000000 0.000000 0.000000 1.000000
0.999334 0.009953 -0.035116 -1.501450 -0.010399 0.999868 -0.012523 103.047340 0.034987 0.012880 0.999305 2.177651 0.000000 0.000000 0.000000 1.000000
0.999384 0.009897 -0.033668 -1.513099 -0.010443 0.999817 -0.016056 103.037941 0.033503 0.016398 0.999304 2.197506 0.000000 0.000000 0.000000 1.000000
0.999447 0.009957 -0.031713 -1.528007 -0.010579 0.999754 -0.019505 103.029434 0.031511 0.019829 0.999307 2.230509 0.000000 0.000000 0.000000 1.000000
0.999515 0.010122 -0.029448 -1.546191 -0.010791 0.999685 -0.022654 103.021553 0.029210 0.022960 0.999310 2.275992 0.000000 0.000000 0.000000 1.000000
0.999577 0.010282 -0.027191 -1.567772 -0.010973 0.999618 -0.025370 103.013145 0.026920 0.025657 0.999308 2.333245 0.000000 0.000000 0.000000 1.000000
0.999629 0.010294 -0.025223 -1.592438 -0.010989 0.999559 -0.027576 103.003281 0.024928 0.027843 0.999301 2.400404 0.000000 0.000000 0.000000 1.000000
0.999668 0.010144 -0.023669 -1.619205 -0.010833 0.999516 -0.029169 102.992653 0.023362 0.029416 0.999294 2.471789 0.000000 0.000000 0.000000 1.000000
0.999697 0.009994 -0.022502 -1.646281 -0.010668 0.999492 -0.030042 102.984032 0.022190 0.030273 0.999295 2.537928 0.000000 0.000000 0.000000 1.000000
0.999716 0.009950 -0.021644 -1.672449 -0.010601 0.999487 -0.030208 102.978951 0.021333 0.030429 0.999309 2.591700 0.000000 0.000000 0.000000 1.000000
0.999727 0.009887 -0.021151 -1.698828 -0.010512 0.999505 -0.029642 102.975357 0.020847 0.029856 0.999337 2.632706 0.000000 0.000000 0.000000 1.000000
0.999728 0.009662 -0.021246 -1.728378 -0.010252 0.999559 -0.027852 102.971031 0.020968 0.028062 0.999386 2.658493 0.000000 0.000000 0.000000 1.000000
0.999715 0.009472 -0.021911 -1.763365 -0.009997 0.999663 -0.023974 102.968529 0.021677 0.024186 0.999472 2.652566 0.000000 0.000000 0.000000 1.000000
0.999699 0.009727 -0.022533 -1.796391 -0.010125 0.999793 -0.017644 102.974701 0.022357 0.017867 0.999590 2.593499 0.000000 0.000000 0.000000 1.000000
0.999694 0.010486 -0.022400 -1.818459 -0.010698 0.999899 -0.009379 102.976379 0.022299 0.009616 0.999705 2.477911 0.000000 0.000000 0.000000 1.000000
0.999710 0.011327 -0.021258 -1.824228 -0.011328 0.999936 0.000085 102.950523 0.021258 0.000156 0.999774 2.322191 0.000000 0.000000 0.000000 1.000000
0.999748 0.011818 -0.019082 -1.819779 -0.011623 0.999879 0.010304 102.912079 0.019202 -0.010080 0.999765 2.145491 0.000000 0.000000 0.000000 1.000000
0.999800 0.011984 -0.016000 -1.807453 -0.011648 0.999714 0.020907 102.872559 0.016246 -0.020716 0.999653 1.960053 0.000000 0.000000 0.000000 1.000000
0.999844 0.012171 -0.012766 -1.783574 -0.011767 0.999442 0.031270 102.823570 0.013140 -0.031115 0.999429 1.775737 0.000000 0.000000 0.000000 1.000000
0.999868 0.012458 -0.010461 -1.748564 -0.012023 0.999100 0.040674 102.762787 0.010959 -0.040543 0.999118 1.598431 0.000000 0.000000 0.000000 1.000000
0.999878 0.012561 -0.009277 -1.705015 -0.012093 0.998730 0.048913 102.682259 0.009880 -0.048795 0.998760 1.424136 0.000000 0.000000 0.000000 1.000000
0.999889 0.012354 -0.008287 -1.655075 -0.011866 0.998326 0.056607 102.580681 0.008972 -0.056502 0.998362 1.245734 0.000000 0.000000 0.000000 1.000000
0.999906 0.011963 -0.006643 -1.597256 -0.011509 0.997843 0.064633 102.463387 0.007401 -0.064550 0.997887 1.062344 0.000000 0.000000 0.000000 1.000000
0.999925 0.011395 -0.004417 -1.528418 -0.011041 0.997243 0.073379 102.332283 0.005241 -0.073325 0.997294 0.880856 0.000000 0.000000 0.000000 1.000000
0.999942 0.010547 -0.002234 -1.447035 -0.010327 0.996526 0.082638 102.183258 0.003098 -0.082611 0.996577 0.712230 0.000000 0.000000 0.000000 1.000000
0.999956 0.009381 -0.000519 -1.354579 -0.009294 0.995720 0.091948 102.014229 0.001379 -0.091939 0.995764 0.564937 0.000000 0.000000 0.000000 1.000000
0.999968 0.007980 0.000802 -1.253948 -0.008020 0.994871 0.100835 101.825188 0.000007 -0.100838 0.994903 0.440075 0.000000 0.000000 0.000000 1.000000
0.999977 0.006485 0.002076 -1.147694 -0.006672 0.994028 0.108917 101.616241 -0.001358 -0.108928 0.994049 0.335570 0.000000 0.000000 0.000000 1.000000
0.999981 0.005159 0.003504 -1.034892 -0.005531 0.993241 0.115943 101.387131 -0.002883 -0.115960 0.993250 0.253265 0.000000 0.000000 0.000000 1.000000
0.999978 0.004364 0.004951 -0.911662 -0.004935 0.992539 0.121827 101.140564 -0.004383 -0.121849 0.992539 0.196974 0.000000 0.000000 0.000000 1.000000
0.999972 0.004234 0.006140 -0.776348 -0.004978 0.991927 0.126713 100.882477 -0.005553 -0.126740 0.991920 0.166155 0.000000 0.000000 0.000000 1.000000
0.999967 0.004596 0.006695 -0.630359 -0.005432 0.991389 0.130838 100.619835 -0.006036 -0.130870 0.991381 0.157348 0.000000 0.000000 0.000000 1.000000
0.999967 0.005310 0.006193 -0.472378 -0.006094 0.990933 0.134218 100.359406 -0.005424 -0.134251 0.990932 0.169083 0.000000 0.000000 0.000000 1.000000
0.999968 0.006410 0.004698 -0.297316 -0.006992 0.990594 0.136658 100.107651 -0.003777 -0.136687 0.990607 0.200569 0.000000 0.000000 0.000000 1.000000
0.999965 0.007907 0.002809 -0.104188 -0.008219 0.990390 0.138059 99.869232 -0.001691 -0.138077 0.990420 0.247550 0.000000 0.000000 0.000000 1.000000
0.999953 0.009645 0.000896 0.100665 -0.009676 0.990303 0.138584 99.645233 0.000449 -0.138587 0.990350 0.300261 0.000000 0.000000 0.000000 1.000000
0.999936 0.011304 -0.001058 0.311703 -0.011048 0.990296 0.138532 99.434113 0.002613 -0.138511 0.990357 0.345382 0.000000 0.000000 0.000000 1.000000
0.999917 0.012557 -0.002985 0.528107 -0.012025 0.990335 0.138172 99.232628 0.004691 -0.138125 0.990404 0.372802 0.000000 0.000000 0.000000 1.000000
0.999900 0.013327 -0.004816 0.745125 -0.012536 0.990372 0.137860 99.037079 0.006607 -0.137786 0.990440 0.381347 0.000000 0.000000 0.000000 1.000000
0.999880 0.013895 -0.006775 0.949904 -0.012828 0.990354 0.137966 98.849686 0.008627 -0.137863 0.990414 0.376051 0.000000 0.000000 0.000000 1.000000
0.999851 0.014719 -0.009056 1.130555 -0.013324 0.990279 0.138458 98.684250 0.011006 -0.138316 0.990327 0.361515 0.000000 0.000000 0.000000 1.000000
0.999806 0.016026 -0.011428 1.285035 -0.014284 0.990197 0.138944 98.560760 0.013542 -0.138754 0.990234 0.341439 0.000000 0.000000 0.000000 1.000000
0.999754 0.017602 -0.013499 1.418878 -0.015553 0.990141 0.139211 98.491989 0.015816 -0.138966 0.990171 0.322768 0.000000 0.000000 0.000000 1.000000
0.999702 0.019140 -0.015145 1.539738 -0.016849 0.990133 0.139113 98.477364 0.017658 -0.138816 0.990161 0.316423 0.000000 0.000000 0.000000 1.000000
0.999651 0.020644 -0.016485 1.652436 -0.018173 0.990253 0.138091 98.518639 0.019175 -0.137743 0.990282 0.332549 0.000000 0.000000 0.000000 1.000000
0.999598 0.022162 -0.017701 1.753535 -0.019562 0.990576 0.135559 98.635651 0.020539 -0.135158 0.990611 0.373387 0.000000 0.000000 0.000000 1.000000
0.999545 0.023442 -0.018993 1.832584 -0.020741 0.991078 0.131663 98.845673 0.021909 -0.131209 0.991113 0.431752 0.000000 0.000000 0.000000 1.000000
0.999497 0.024235 -0.020467 1.884469 -0.021444 0.991666 0.127039 99.133026 0.023375 -0.126536 0.991687 0.498958 0.000000 0.000000 0.000000 1.000000
0.999454 0.024631 -0.022037 1.912647 -0.021761 0.992273 0.122149 99.455933 0.024875 -0.121603 0.992267 0.569426 0.000000 0.000000 0.000000 1.000000
0.999414 0.024850 -0.023524 1.920176 -0.021929 0.992864 0.117217 99.775467 0.026269 -0.116632 0.992828 0.638431 0.000000 0.000000 0.000000 1.000000
0.999383 0.024977 -0.024713 1.905960 -0.022047 0.993412 0.112458 100.065865 0.027359 -0.111844 0.993349 0.701249 0.000000 0.000000 0.000000 1.000000
0.999370 0.024944 -0.025253 1.868345 -0.022073 0.993885 0.108187 100.310028 0.027797 -0.107561 0.993810 0.753405 0.000000 0.000000 0.000000 1.000000
0.999390 0.024661 -0.024736 1.808249 -0.021941 0.994255 0.104762 100.496048 0.027177 -0.104155 0.994190 0.789952 0.000000 0.000000 0.000000 1.000000
0.999445 0.024117 -0.022980 1.729876 -0.021643 0.994503 0.102443 100.618309 0.025324 -0.101889 0.994473 0.806310 0.000000 0.000000 0.000000 1.000000
0.999523 0.023394 -0.020156 1.640178 -0.021238 0.994637 0.101226 100.677994 0.022416 -0.100749 0.994659 0.801794 0.000000 0.000000 0.000000 1.000000
