<?xml version="1.0" encoding="utf-8"?>
<COLLADA xmlns="http://www.collada.org/2005/11/COLLADASchema" version="1.4.1">
  <asset>
    <contributor>
      <author>Mixamo</author>
      <authoring_tool>COLLADA Mixamo exporter</authoring_tool>
      <comments/>
    </contributor>
    <created>2024-02-20T13:38:52Z</created>
    <modified>2024-02-20T13:38:52Z</modified>
    <revision/>
    <title/>
    <unit meter="0.010000"/>
    <up_axis>Y_UP</up_axis>
  </asset>
  <library_animations>
    <animation id="mixamorig_Hips-anim" name="mixamorig_Hips">
      <source id="mixamorig_Hips-Matrix-animation-input">
        <float_array id="mixamorig_Hips-Matrix-animation-input-array" count="69">

0.000000 0.033333 0.066667 0.100000 0.133333 0.166667 0.200000 0.233333 0.266667 0.300000 0.333333 0.366667 0.400000 0.433333 0.466667 0.500000
0.533333 0.566667 0.600000 0.633333 0.666667 0.700000 0.733333 0.766667 0.800000 0.833333 0.866667 0.900000 0.933333 0.966667 1.000000 1.033333
1.066667 1.100000 1.133333 1.166667 1.200000 1.233333 1.266667 1.300000 1.333333 1.366667 1.400000 1.433333 1.466667 1.500000 1.533333 1.566667
1.600000 1.633333 1.666667 1.700000 1.733333 1.766667 1.800000 1.833333 1.866667 1.900000 1.933333 1.966667 2.000000 2.033333 2.066667 2.100000
2.133333 2.166667 2.200000 2.233333 2.266667</float_array>
        <technique_common>
          <accessor source="#mixamorig_Hips-Matrix-animation-input-array" count="69">
            <param name="TIME" type="float"/>
          </accessor>
        </technique_common>
      </source>
      <source id="mixamorig_Hips-Matrix-animation-output-transform">
        <float_array id="mixamorig_Hips-Matrix-animation-output-transform-array" count="1104">

0.999999 0.001131 0.000084 0.017185 -0.001131 0.999999 0.000000 93.500130 -0.000084 -0.000000 1.000000 2.753177 0.000000 0.000000 0.000000 1.000000
0.999996 0.002700 0.000164 0.063297 -0.002697 0.999888 -0.014742 92.529037 -0.000204 0.014741 0.999891 3.300547 0.000000 0.000000 0.000000 1.000000
0.999986 0.005253 0.000236 0.132707 -0.005244 0.999592 -0.028071 92.310097 -0.000383 0.028069 0.999606 3.785226 0.000000 0.000000 0.000000 1.000000
0.999977 0.006812 0.000218 0.183072 -0.006798 0.999155 -0.040534 92.066391 -0.000494 0.040532 0.999178 4.273737 0.000000 0.000000 0.000000 1.000000
0.999985 0.005440 0.000146 0.174682 -0.005424 0.998596 -0.052689 91.139618 -0.000432 0.052688 0.998611 4.821607 0.000000 0.000000 0.000000 1.000000
1.000000 0.000933 0.000023 0.110206 -0.000929 0.997879 -0.065096 89.168556 -0.000083 0.065096 0.997879 5.498134 0.000000 0.000000 0.000000 1.000000
0.999957 -0.009304 -0.000305 -0.082609 0.009252 0.996886 -0.078316 86.137650 0.001033 0.078310 0.996929 6.696779 0.000000 0.000000 0.000000 1.000000
0.999948 -0.010187 0.000685 -0.112624 0.010206 0.995623 -0.092904 81.539818 0.000264 0.092906 0.995675 8.745586 0.000000 0.000000 0.000000 1.000000
0.999991 -0.002984 0.002908 0.014230 0.003284 0.993989 -0.109430 75.843002 -0.002564 0.109439 0.993990 11.181969 0.000000 0.000000 0.000000 1.000000
0.999983 0.000408 0.005863 0.068281 0.000348 0.991715 -0.128459 70.145828 -0.005867 0.128458 0.991698 14.182112 0.000000 0.000000 0.000000 1.000000
0.999936 0.001787 0.011185 0.099273 -0.000083 0.988604 -0.150538 64.475540 -0.011327 0.150528 0.988541 17.493660 0.000000 0.000000 0.000000 1.000000
0.999762 0.003995 0.021455 0.188504 -0.000142 0.984272 -0.176662 58.820534 -0.021823 0.176617 0.984038 20.826881 0.000000 0.000000 0.000000 1.000000
0.999220 0.008580 0.038543 0.368339 -0.000314 0.977807 -0.209507 53.464294 -0.039485 0.209331 0.977047 24.214521 0.000000 0.000000 0.000000 1.000000
0.997976 0.017167 0.061234 0.650047 -0.001410 0.968611 -0.248576 48.876297 -0.063579 0.247987 0.966675 27.444059 0.000000 0.000000 0.000000 1.000000
0.996000 0.029241 0.084439 1.000133 -0.003281 0.956273 -0.292459 45.426617 -0.089298 0.291012 0.952543 30.288071 0.000000 0.000000 0.000000 1.000000
0.993660 0.043202 0.103799 1.366677 -0.005414 0.940544 -0.339629 42.961304 -0.112300 0.336914 0.934814 32.575027 0.000000 0.000000 0.000000 1.000000
0.991302 0.057814 0.118228 1.708498 -0.007402 0.921413 -0.388515 41.083725 -0.131399 0.384261 0.913826 34.327393 0.000000 0.000000 0.000000 1.000000
0.989398 0.071066 0.126654 1.979360 -0.008576 0.899163 -0.437529 39.723709 -0.144976 0.431804 0.890240 35.803963 0.000000 0.000000 0.000000 1.000000
0.988107 0.082167 0.129973 2.158425 -0.008885 0.874357 -0.485202 38.756977 -0.153510 0.478277 0.864688 37.136070 0.000000 0.000000 0.000000 1.000000
0.987242 0.091534 0.130291 2.249752 -0.008628 0.847803 -0.530240 38.015087 -0.158996 0.522351 0.837777 38.332855 0.000000 0.000000 0.000000 1.000000
0.987180 0.097026 0.126733 2.225979 -0.007288 0.820592 -0.571468 37.619026 -0.159443 0.563218 0.810779 39.754467 0.000000 0.000000 0.000000 1.000000
0.988429 0.096540 0.116998 2.075716 -0.005575 0.793920 -0.607996 37.886902 -0.151583 0.600309 0.785272 41.700943 0.000000 0.000000 0.000000 1.000000
0.990420 0.091743 0.103210 1.842402 -0.004632 0.769060 -0.639160 38.611267 -0.138013 0.632558 0.762117 43.894543 0.000000 0.000000 0.000000 1.000000
0.992445 0.084678 0.088785 1.587556 -0.004336 0.747402 -0.664357 39.610806 -0.122614 0.658953 0.742123 46.008949 0.000000 0.000000 0.000000 1.000000
0.994134 0.076886 0.076061 1.384111 -0.004224 0.730348 -0.683062 40.741131 -0.108069 0.678734 0.726389 47.867695 0.000000 0.000000 0.000000 1.000000
0.995304 0.070070 0.066789 1.233850 -0.004012 0.719221 -0.694770 41.810570 -0.096719 0.691239 0.716124 49.336864 0.000000 0.000000 0.000000 1.000000
0.995972 0.065316 0.061422 1.141110 -0.003802 0.715210 -0.698899 42.557816 -0.089579 0.695851 0.712578 50.369537 0.000000 0.000000 0.000000 1.000000
0.996213 0.063039 0.059885 1.110499 -0.003788 0.719545 -0.694436 42.743500 -0.086867 0.691579 0.717059 50.949604 0.000000 0.000000 0.000000 1.000000
0.996253 0.061500 0.060813 1.106293 -0.003815 0.733687 -0.679477 42.748001 -0.086406 0.676699 0.731172 51.274002 0.000000 0.000000 0.000000 1.000000
0.996188 0.059812 0.063493 1.108781 -0.003753 0.756606 -0.653860 42.765900 -0.087148 0.651129 0.753947 51.409904 0.000000 0.000000 0.000000 1.000000
0.996023 0.057777 0.067824 1.145107 -0.003506 0.786067 -0.618131 42.823433 -0.089028 0.615435 0.783144 51.338573 0.000000 0.000000 0.000000 1.000000
0.995715 0.055308 0.074113 1.219023 -0.002885 0.819626 -0.572891 42.945663 -0.092430 0.570222 0.816274 51.011562 0.000000 0.000000 0.000000 1.000000
0.995118 0.052469 0.083586 1.351052 -0.001478 0.854785 -0.518980 43.165840 -0.098678 0.516323 0.850690 50.298161 0.000000 0.000000 0.000000 1.000000
0.995100 0.047301 0.086826 1.303678 -0.002315 0.889052 -0.457800 43.242348 -0.098847 0.455356 0.884805 49.946903 0.000000 0.000000 0.000000 1.000000
0.995247 0.041607 0.088046 1.200397 -0.003880 0.920354 -0.391067 43.299667 -0.097304 0.388866 0.916141 49.567394 0.000000 0.000000 0.000000 1.000000
0.995283 0.035816 0.090161 1.123230 -0.005006 0.947079 -0.320962 43.456543 -0.096885 0.318996 0.942791 48.913143 0.000000 0.000000 0.000000 1.000000
0.995288 0.029948 0.092219 1.055344 -0.005963 0.968210 -0.250067 43.701042 -0.096776 0.248339 0.963827 48.045376 0.000000 0.000000 0.000000 1.000000
0.995307 0.024121 0.093710 0.993953 -0.006781 0.983437 -0.181122 44.054947 -0.096527 0.179636 0.978986 47.001625 0.000000 0.000000 0.000000 1.000000
0.995375 0.018576 0.094257 0.938927 -0.007470 0.993123 -0.116839 44.546783 -0.095779 0.115594 0.988668 45.812569 0.000000 0.000000 0.000000 1.000000
0.995518 0.013659 0.093576 0.895762 -0.008078 0.998180 -0.059763 45.203400 -0.094222 0.058739 0.993817 44.502178 0.000000 0.000000 0.000000 1.000000
0.995723 0.009880 0.091854 0.736490 -0.008796 0.999887 -0.012196 46.053005 -0.091964 0.011335 0.995698 43.069500 0.000000 0.000000 0.000000 1.000000
0.996150 0.007627 0.087338 0.678288 -0.009733 0.999672 0.023710 47.119987 -0.087128 -0.024468 0.995897 41.655586 0.000000 0.000000 0.000000 1.000000
0.996723 0.006912 0.080596 0.703578 -0.010817 0.998783 0.048121 48.546181 -0.080166 -0.048835 0.995585 40.069969 0.000000 0.000000 0.000000 1.000000
0.997370 0.007520 0.072094 0.735521 -0.012135 0.997889 0.063792 50.488976 -0.071462 -0.064499 0.995356 38.071201 0.000000 0.000000 0.000000 1.000000
0.998042 0.009500 0.061818 0.785814 -0.013985 0.997268 0.072538 52.985710 -0.060960 -0.073260 0.995448 35.590252 0.000000 0.000000 0.000000 1.000000
0.998683 0.013203 0.049568 0.862909 -0.016921 0.997014 0.075348 56.065575 -0.048425 -0.076087 0.995925 32.508949 0.000000 0.000000 0.000000 1.000000
0.999183 0.017795 0.036277 0.929485 -0.020419 0.997102 0.073286 59.524334 -0.034868 -0.073967 0.996651 28.902893 0.000000 0.000000 0.000000 1.000000
0.999459 0.021209 0.025126 0.931841 -0.022860 0.997467 0.067358 62.952873 -0.023634 -0.067896 0.997412 25.327118 0.000000 0.000000 0.000000 1.000000
0.999613 0.021296 0.017899 0.837069 -0.022311 0.998036 0.058530 66.065948 -0.016617 -0.058906 0.998125 22.223019 0.000000 0.000000 0.000000 1.000000
0.999743 0.018583 0.012994 0.678305 -0.019184 0.998673 0.047786 68.974808 -0.012089 -0.048023 0.998773 19.327448 0.000000 0.000000 0.000000 1.000000
0.999847 0.015016 0.008917 0.509905 -0.015329 0.999230 0.036130 71.867241 -0.008368 -0.036261 0.999307 16.300549 0.000000 0.000000 0.000000 1.000000
0.999917 0.011582 0.005592 0.358572 -0.011716 0.999629 0.024582 74.756737 -0.005305 -0.024646 0.999682 13.134593 0.000000 0.000000 0.000000 1.000000
0.999959 0.008513 0.003212 0.233408 -0.008558 0.999863 0.014176 77.567566 -0.003091 -0.014203 0.999894 9.980754 0.000000 0.000000 0.000000 1.000000
0.999982 0.005782 0.001711 0.136745 -0.005792 0.999966 0.005954 80.200180 -0.001677 -0.005963 0.999981 7.023523 0.000000 0.000000 0.000000 1.000000
0.999993 0.003569 0.000785 0.070678 -0.003570 0.999993 0.001076 82.538422 -0.000782 -0.001079 0.999999 4.442954 0.000000 0.000000 0.000000 1.000000
0.999996 0.002665 0.000161 0.044004 -0.002665 0.999996 -0.000786 84.605179 -0.000163 0.000786 1.000000 2.320881 0.000000 0.000000 0.000000 1.000000
0.999998 0.002227 0.000002 0.033394 -0.002227 0.999996 -0.001566 86.433601 -0.000005 0.001566 0.999999 1.232303 0.000000 0.000000 0.000000 1.000000
0.999999 0.001601 0.000029 0.021352 -0.001600 0.999996 -0.002142 88.053825 -0.000032 0.002142 0.999998 0.820991 0.000000 0.000000 0.000000 1.000000
1.000000 0.000888 0.000022 0.008365 -0.000888 0.999997 -0.002453 89.485664 -0.000024 0.002453 0.999997 0.575402 0.000000 0.000000 0.000000 1.000000
1.000000 0.000128 0.000004 -0.004967 -0.000128 0.999997 -0.002540 90.728477 -0.000004 0.002540 0.999997 0.517088 0.000000 0.000000 0.000000 1.000000
1.000000 -0.000623 -0.000024 -0.017827 0.000623 0.999997 -0.002444 91.778656 0.000025 0.002444 0.999997 0.615431 0.000000 0.000000 0.000000 1.000000
0.999999 -0.001221 -0.000054 -0.028290 0.001221 0.999997 -0.002206 92.623566 0.000057 0.002205 0.999998 0.836684 0.000000 0.000000 0.000000 1.000000
0.999999 -0.001334 -0.000067 -0.032591 0.001334 0.999997 -0.001866 93.238251 0.000069 0.001866 0.999998 1.144016 0.000000 0.000000 0.000000 1.000000
0.999999 -0.001140 -0.000064 -0.029974 0.001140 0.999998 -0.001467 93.625221 0.000066 0.001467 0.999999 1.500082 0.000000 0.000000 0.000000 1.000000
1.000000 -0.000642 -0.000040 -0.020050 0.000642 0.999999 -0.001048 93.793663 0.000040 0.001048 0.999999 1.866824 0.000000 0.000000 0.000000 1.000000
1.000000 -0.000034 -0.000002 -0.006805 0.000034 1.000000 -0.000651 93.790932 0.000002 0.000651 1.000000 2.208306 0.000000 0.000000 0.000000 1.000000
1.000000 0.000539 0.000038 0.005516 -0.000539 1.000000 -0.000317 93.678856 -0.000038 0.000317 1.000000 2.490267 0.000000 0.000000 0.000000 1.000000
1.000000 0.000953 0.000070 0.013817 -0.000953 1.000000 -0.000096 93.562775 -0.000070 0.000096 1.000000 2.673550 0.000000 0.000000 0.000000 1.000000
0.999999 0.001089 0.000081 0.016525 -0.001089 0.999999 -0.000022 93.515945 -0.000081 0.000022 1.000000 2.734507 0.000000 0.000000 0.000000 1.000000</float_array>
        <technique_common>
          <accessor source="#mixamorig_Hips-Matrix-animation-output-transform-array" count="69" stride="16">
            <param type="float4x4"/>
          </accessor>
        </technique_common>
      </source>
      <source id="mixamorig_Hips-Interpolations">
        <Name_array id="mixamorig_Hips-Interpolations-array" count="69">
 LINEAR LINEAR LINEAR LINEAR LINEAR LINEAR LINEAR LINEAR LINEAR LINEAR LINEAR
LINEAR LINEAR LINEAR LINEAR LINEAR LINEAR LINEAR LINEAR LINEAR LINEAR LINEAR LINEAR
LINEAR LINEAR LINEAR LINEAR LINEAR LINEAR LINEAR LINEAR LINEAR LINEAR LINEAR LINEAR
LINEAR LINEAR LINEAR LINEAR LINEAR LINEAR LINEAR LINEAR LINEAR LINEAR LINEAR LINEAR
LINEAR LINEAR LINEAR LINEAR LINEAR LINEAR LINEAR LINEAR LINEAR LINEAR LINEAR LINEAR
LINEAR LINEAR LINEAR LINEAR LINEAR LINEAR LINEAR LINEAR LINEAR LINEAR</Name_array>
        <technique_common>
          <accessor source="#mixamorig_Hips-Interpolations-array" count="69">
            <param type="name"/>
          </accessor>
        </technique_common>
      </source>
      <sampler id="mixamorig_Hips-Matrix-animation-transform">
        <input semantic="INPUT" source="#mixamorig_Hips-Matrix-animation-input"/>
        <input semantic="OUTPUT" source="#mixamorig_Hips-Matrix-animation-output-transform"/>
        <input semantic="INTERPOLATION" source="#mixamorig_Hips-Interpolations"/>
      </sampler>
      <channel source="#mixamorig_Hips-Matrix-animation-transform" target="mixamorig_Hips/matrix"/>
    </animation>
    <animation id="mixamorig_Spine-anim" name="mixamorig_Spine">
      <source id="mixamorig_Spine-Matrix-animation-input">
        <float_array id="mixamorig_Spine-Matrix-animation-input-array" count="69">

0.000000 0.033333 0.066667 0.100000 0.133333 0.166667 0.200000 0.233333 0.266667 0.300000 0.333333 0.366667 0.400000 0.433333 0.466667 0.500000
0.533333 0.566667 0.600000 0.633333 0.666667 0.700000 0.733333 0.766667 0.800000 0.833333 0.866667 0.900000 0.933333 0.966667 1.000000 1.033333
1.066667 1.100000 1.133333 1.166667 1.200000 1.233333 1.266667 1.300000 1.333333 1.366667 1.400000 1.433333 1.466667 1.500000 1.533333 1.566667
1.600000 1.633333 1.666667 1.700000 1.733333 1.766667 1.800000 1.833333 1.866667 1.900000 1.933333 1.966667 2.000000 2.033333 2.066667 2.100000
2.133333 2.166667 2.200000 2.233333 2.266667</float_array>
        <technique_common>
          <accessor source="#mixamorig_Spine-Matrix-animation-input-array" count="69">
            <param name="TIME" type="float"/>
          </accessor>
        </technique_common>
      </source>
      <source id="mixamorig_Spine-Matrix-animation-output-transform">
        <float_array id="mixamorig_Spine-Matrix-animation-output-transform-array" count="1104">

0.999999 -0.001127 0.000119 0.000000 0.001131 0.983986 -0.178244 13.784800 0.000084 0.178244 0.983986 0.064400 0.000000 0.000000 0.000000 1.000000
0.999996 -0.002684 0.000332 -0.000000 0.002699 0.983153 -0.182765 13.784800 0.000164 0.182765 0.983157 0.064400 0.000000 0.000000 0.000000 1.000000
0.999986 -0.005200 0.000776 0.000000 0.005252 0.981427 -0.191765 13.784800 0.000236 0.191766 0.981441 0.064400 0.000000 0.000000 0.000000 1.000000
0.999977 -0.006719 0.001139 -0.000000 0.006812 0.980054 -0.198616 13.784800 0.000218 0.198619 0.980077 0.064400 0.000000 0.000000 0.000000 1.000000
0.999985 -0.005362 0.000926 0.000000 0.005439 0.980466 -0.196615 13.784800 0.000146 0.196617 0.980480 0.064400 0.000000 0.000000 0.000000 1.000000
1.000000 -0.000921 0.000145 0.000000 0.000932 0.983825 -0.179128 13.784800 0.000023 0.179128 0.983826 0.064400 0.000000 0.000000 0.000000 1.000000
0.999957 0.009263 -0.000928 -0.000000 -0.009305 0.991181 -0.132185 13.784800 -0.000305 0.132188 0.991225 0.064400 0.000000 0.000000 0.000000 1.000000
0.999948 0.010130 -0.001277 0.000000 -0.010187 0.998251 -0.058238 13.784800 0.000685 0.058248 0.998302 0.064400 0.000000 0.000000 0.000000 1.000000
0.999991 0.003045 -0.002844 0.000000 -0.002984 0.999769 0.021304 13.784800 0.002908 -0.021295 0.999769 0.064400 0.000000 0.000000 0.000000 1.000000
0.999983 0.000087 -0.005876 0.000000 0.000408 0.996443 0.084266 13.784800 0.005863 -0.084267 0.996426 0.064400 0.000000 0.000000 0.000000 1.000000
0.999936 -0.000517 -0.011315 -0.000000 0.001787 0.993654 0.112468 13.784800 0.011185 -0.112481 0.993591 0.064400 0.000000 0.000000 0.000000 1.000000
0.999762 -0.001575 -0.021767 0.000000 0.003995 0.993747 0.111581 13.784800 0.021455 -0.111641 0.993517 0.064400 0.000000 0.000000 0.000000 1.000000
0.999220 -0.004643 -0.039213 0.000000 0.008579 0.994869 0.100808 13.784800 0.038543 -0.101066 0.994133 0.064400 0.000000 0.000000 0.000000 1.000000
0.997976 -0.012007 -0.062451 0.000000 0.017167 0.996422 0.082754 13.784800 0.061234 -0.083658 0.994611 0.064400 0.000000 0.000000 0.000000 1.000000
0.996000 -0.024160 -0.086030 0.000000 0.029241 0.997871 0.058295 13.784800 0.084439 -0.060577 0.994586 0.064400 0.000000 0.000000 0.000000 1.000000
0.993660 -0.039968 -0.105086 0.000000 0.043201 0.998655 0.028672 13.784800 0.103799 -0.033030 0.994050 0.064400 0.000000 0.000000 0.000000 1.000000
0.991302 -0.057969 -0.118152 0.000000 0.057814 0.998316 -0.004747 13.784800 0.118228 -0.002125 0.992984 0.064400 0.000000 0.000000 0.000000 1.000000
0.989398 -0.075574 -0.124016 0.000000 0.071066 0.996654 -0.040387 13.784800 0.126654 0.031146 0.991458 0.064400 0.000000 0.000000 0.000000 1.000000
0.988107 -0.091261 -0.123756 -0.000000 0.082166 0.993662 -0.076713 13.784800 0.129973 0.065632 0.989343 0.064400 0.000000 0.000000 0.000000 1.000000
0.987242 -0.104929 -0.119767 0.000000 0.091534 0.989445 -0.112341 13.784800 0.130291 0.099945 0.986426 0.064400 0.000000 0.000000 0.000000 1.000000
0.987180 -0.113823 -0.111890 -0.000000 0.097025 0.984580 -0.145561 13.784800 0.126733 0.132839 0.983002 0.064400 0.000000 0.000000 0.000000 1.000000
0.988429 -0.115610 -0.098197 -0.000000 0.096540 0.978802 -0.180628 13.784800 0.116998 0.169058 0.978637 0.064400 0.000000 0.000000 0.000000 1.000000
0.990420 -0.112106 -0.080631 0.000000 0.091742 0.970592 -0.222563 13.784800 0.103210 0.213034 0.971578 0.064400 0.000000 0.000000 0.000000 1.000000
0.992445 -0.105318 -0.062938 0.000000 0.084677 0.959183 -0.269809 13.784800 0.088785 0.262441 0.960855 0.064400 0.000000 0.000000 0.000000 1.000000
0.994134 -0.097057 -0.047714 -0.000000 0.076886 0.944518 -0.319335 13.784800 0.076061 0.313794 0.946440 0.064400 0.000000 0.000000 0.000000 1.000000
0.995304 -0.089686 -0.036427 0.000000 0.070070 0.927128 -0.368135 13.784800 0.066789 0.363854 0.929058 0.064400 0.000000 0.000000 0.000000 1.000000
0.995972 -0.084830 -0.029030 0.000000 0.065316 0.908278 -0.413238 13.784800 0.061422 0.409678 0.910160 0.064400 0.000000 0.000000 0.000000 1.000000
0.996213 -0.083276 -0.025005 0.000000 0.063039 0.889824 -0.451928 13.784800 0.059885 0.448640 0.891704 0.064400 0.000000 0.000000 0.000000 1.000000
0.996253 -0.083171 -0.023728 0.000000 0.061499 0.874120 -0.481801 13.784800 0.060813 0.478536 0.875960 0.064400 0.000000 0.000000 0.000000 1.000000
0.996188 -0.083544 -0.025083 0.000000 0.059812 0.863538 -0.500725 13.784800 0.063493 0.497316 0.865243 0.064400 0.000000 0.000000 0.000000 1.000000
0.996023 -0.084144 -0.029291 0.000000 0.057776 0.860252 -0.506585 13.784800 0.067824 0.502877 0.861693 0.064400 0.000000 0.000000 0.000000 1.000000
0.995715 -0.084825 -0.036828 0.000000 0.055307 0.865426 -0.497975 13.784800 0.074113 0.493804 0.866409 0.064400 0.000000 0.000000 0.000000 1.000000
0.995118 -0.085855 -0.048667 0.000000 0.052469 0.877926 -0.475912 13.784800 0.083585 0.471035 0.878145 0.064400 0.000000 0.000000 0.000000 1.000000
0.995100 -0.080710 -0.057114 0.000000 0.047300 0.895847 -0.441838 13.784800 0.086826 0.436972 0.895275 0.064400 0.000000 0.000000 0.000000 1.000000
0.995247 -0.073087 -0.064354 -0.000000 0.041607 0.916632 -0.397562 13.784800 0.088045 0.392995 0.915316 0.064400 0.000000 0.000000 0.000000 1.000000
0.995283 -0.064628 -0.072354 0.000000 0.035815 0.937892 -0.345074 13.784800 0.090161 0.340855 0.935783 0.064400 0.000000 0.000000 0.000000 1.000000
0.995288 -0.055024 -0.079834 0.000000 0.029947 0.957571 -0.286638 13.784800 0.092219 0.282897 0.954707 0.064400 0.000000 0.000000 0.000000 1.000000
0.995307 -0.044487 -0.085932 -0.000000 0.024121 0.974084 -0.224898 13.784800 0.093710 0.221770 0.970586 0.064400 0.000000 0.000000 0.000000 1.000000
0.995375 -0.033592 -0.090005 0.000000 0.018575 0.986492 -0.162752 13.784800 0.094257 0.160328 0.982553 0.064400 0.000000 0.000000 0.000000 1.000000
0.995518 -0.022704 -0.091802 0.000000 0.013659 0.995094 -0.097984 13.784800 0.093576 0.096291 0.990945 0.064400 0.000000 0.000000 0.000000 1.000000
0.995620 -0.023284 -0.090546 0.000000 0.009761 0.989085 -0.147020 13.784800 0.092981 0.145493 0.984980 0.064400 0.000000 0.000000 0.000000 1.000000
0.997616 -0.026850 -0.063572 0.000000 0.011642 0.973485 -0.228455 13.784800 0.068020 0.227170 0.971477 0.064400 0.000000 0.000000 0.000000 1.000000
0.999570 -0.026553 -0.012438 0.000000 0.022240 0.963007 -0.268557 13.784800 0.019109 0.268165 0.963183 0.064400 0.000000 0.000000 0.000000 1.000000
0.998400 -0.023825 0.051276 -0.000000 0.037065 0.960630 -0.275347 13.784800 -0.042697 0.276807 0.959977 0.064400 0.000000 0.000000 0.000000 1.000000
0.992587 -0.020327 0.119826 -0.000000 0.051058 0.964435 -0.259341 13.784800 -0.110293 0.263536 0.958324 0.064400 0.000000 0.000000 0.000000 1.000000
0.982499 -0.017786 0.185417 0.000000 0.061030 0.971222 -0.230224 13.784800 -0.175986 0.237511 0.955310 0.064400 0.000000 0.000000 0.000000 1.000000
0.970855 -0.016797 0.239077 -0.000000 0.065713 0.977968 -0.198142 13.784800 -0.230482 0.208078 0.950569 0.064400 0.000000 0.000000 0.000000 1.000000
0.962695 -0.016606 0.270079 -0.000000 0.065702 0.982591 -0.173778 13.784800 -0.262491 0.185040 0.947026 0.064400 0.000000 0.000000 0.000000 1.000000
0.963075 -0.015438 0.268789 -0.000000 0.062220 0.984091 -0.166416 13.784800 -0.261944 0.176996 0.948714 0.064400 0.000000 0.000000 0.000000 1.000000
0.973049 -0.013208 0.230218 0.000000 0.053432 0.984102 -0.169378 13.784800 -0.224321 0.177114 0.958285 0.064400 0.000000 0.000000 0.000000 1.000000
0.987084 -0.011246 0.159806 0.000000 0.039336 0.984010 -0.173718 13.784800 -0.155297 0.177760 0.971743 0.064400 0.000000 0.000000 0.000000 1.000000
0.997610 -0.010178 0.068348 0.000000 0.022168 0.983953 -0.177047 13.784800 -0.065449 0.178139 0.981826 0.064400 0.000000 0.000000 0.000000 1.000000
0.999415 -0.009908 -0.032727 -0.000000 0.003911 0.983942 -0.178444 13.784800 0.033970 0.178212 0.983406 0.064400 0.000000 0.000000 0.000000 1.000000
0.991313 -0.010020 -0.131144 0.000000 -0.013564 0.983989 -0.177712 13.784800 0.130825 0.177947 0.975305 0.064400 0.000000 0.000000 0.000000 1.000000
0.976642 -0.010266 -0.214628 -0.000000 -0.028225 0.984074 -0.175501 13.784800 0.213012 0.177460 0.960799 0.064400 0.000000 0.000000 0.000000 1.000000
0.962475 -0.011018 -0.271148 0.000000 -0.037558 0.984151 -0.173308 13.784800 0.268760 0.176988 0.946807 0.064400 0.000000 0.000000 0.000000 1.000000
0.954115 -0.011424 -0.299223 0.000000 -0.042154 0.984197 -0.171988 13.784800 0.296459 0.176710 0.938555 0.064400 0.000000 0.000000 0.000000 1.000000
0.950951 -0.011113 -0.309142 -0.000000 -0.044201 0.984219 -0.171345 13.784800 0.306168 0.176605 0.935453 0.064400 0.000000 0.000000 0.000000 1.000000
0.951552 -0.010350 -0.307313 0.000000 -0.044591 0.984224 -0.171218 13.784800 0.304236 0.176626 0.936079 0.064400 0.000000 0.000000 0.000000 1.000000
0.955453 -0.009217 -0.294998 0.000000 -0.043479 0.984211 -0.171574 13.784800 0.291922 0.176757 0.939967 0.064400 0.000000 0.000000 0.000000 1.000000
0.961730 -0.007821 -0.273887 0.000000 -0.041068 0.984186 -0.172314 13.784800 0.270904 0.176968 0.946200 0.064400 0.000000 0.000000 0.000000 1.000000
0.969340 -0.006356 -0.245640 0.000000 -0.037471 0.984150 -0.173332 13.784800 0.242848 0.177222 0.953738 0.064400 0.000000 0.000000 0.000000 1.000000
0.977272 -0.005205 -0.211927 0.000000 -0.032609 0.984109 -0.174543 13.784800 0.209468 0.177487 0.961572 0.064400 0.000000 0.000000 0.000000 1.000000
0.984638 -0.004247 -0.174558 -0.000000 -0.026910 0.984070 -0.175734 13.784800 0.172524 0.177732 0.968838 0.064400 0.000000 0.000000 0.000000 1.000000
0.990786 -0.003535 -0.135391 -0.000000 -0.020645 0.984036 -0.176771 13.784800 0.133855 0.177937 0.974896 0.064400 0.000000 0.000000 0.000000 1.000000
0.995341 -0.002939 -0.096371 -0.000000 -0.014284 0.984010 -0.177539 13.784800 0.095352 0.178088 0.979384 0.064400 0.000000 0.000000 0.000000 1.000000
0.998227 -0.002374 -0.059468 0.000000 -0.008265 0.983994 -0.178009 13.784800 0.058938 0.178185 0.982230 0.064400 0.000000 0.000000 0.000000 1.000000
0.999631 -0.001789 -0.027091 0.000000 -0.003069 0.983987 -0.178214 13.784800 0.026976 0.178231 0.983619 0.064400 0.000000 0.000000 0.000000 1.000000
0.999921 -0.001475 -0.012483 0.000000 -0.000774 0.983986 -0.178246 13.784800 0.012546 0.178241 0.983907 0.064400 0.000000 0.000000 0.000000 1.000000</float_array>
        <technique_common>
          <accessor source="#mixamorig_Spine-Matrix-animation-output-transform-array" count="69" stride="16">
            <param type="float4x4"/>
          </accessor>
        </technique_common>
      </source>
      <source id="mixamorig_Spine-Interpolations">
        <Name_array id="mixamorig_Spine-Interpolations-array" count="69">
 LINEAR LINEAR LINEAR LINEAR LINEAR LINEAR LINEAR LINEAR LINEAR LINEAR LINEAR
LINEAR LINEAR LINEAR LINEAR LINEAR LINEAR LINEAR LINEAR LINEAR LINEAR LINEAR LINEAR
LINEAR LINEAR LINEAR LINEAR LINEAR LINEAR LINEAR LINEAR LINEAR LINEAR LINEAR LINEAR
LINEAR LINEAR LINEAR LINEAR LINEAR LINEAR LINEAR LINEAR LINEAR LINEAR LINEAR LINEAR
LINEAR LINEAR LINEAR LINEAR LINEAR LINEAR LINEAR LINEAR LINEAR LINEAR LINEAR LINEAR
LINEAR LINEAR LINEAR LINEAR LINEAR LINEAR LINEAR LINEAR LINEAR LINEAR</Name_array>
        <technique_common>
          <accessor source="#mixamorig_Spine-Interpolations-array" count="69">
            <param type="name"/>
          </accessor>
        </technique_common>
      </source>
      <sampler id="mixamorig_Spine-Matrix-animation-transform">
        <input semantic="INPUT" source="#mixamorig_Spine-Matrix-animation-input"/>
        <input semantic="OUTPUT" source="#mixamorig_Spine-Matrix-animation-output-transform"/>
        <input semantic="INTERPOLATION" source="#mixamorig_Spine-Interpolations"/>
      </sampler>
      <channel source="#mixamorig_Spine-Matrix-animation-transform" target="mixamorig_Spine/matrix"/>
    </animation>
    <animation id="mixamorig_Spine1-anim" name="mixamorig_Spine1">
      <source id="mixamorig_Spine1-Matrix-animation-input">
        <float_array id="mixamorig_Spine1-Matrix-animation-input-array" count="69">

0.000000 0.033333 0.066667 0.100000 0.133333 0.166667 0.200000 0.233333 0.266667 0.300000 0.333333 0.366667 0.400000 0.433333 0.466667 0.500000
0.533333 0.566667 0.600000 0.633333 0.666667 0.700000 0.733333 0.766667 0.800000 0.833333 0.866667 0.900000 0.933333 0.966667 1.000000 1.033333
1.066667 1.100000 1.133333 1.166667 1.200000 1.233333 1.266667 1.300000 1.333333 1.366667 1.400000 1.433333 1.466667 1.500000 1.533333 1.566667
1.600000 1.633333 1.666667 1.700000 1.733333 1.766667 1.800000 1.833333 1.866667 1.900000 1.933333 1.966667 2.000000 2.033333 2.066667 2.100000
2.133333 2.166667 2.200000 2.233333 2.266667</float_array>
        <technique_common>
          <accessor source="#mixamorig_Spine1-Matrix-animation-input-array" count="69">
            <param name="TIME" type="float"/>
          </accessor>
        </technique_common>
      </source>
      <source id="mixamorig_Spine1-Matrix-animation-output-transform">
        <float_array id="mixamorig_Spine1-Matrix-animation-output-transform-array" count="1104">

1.000000 -0.000001 -0.000001 0.000000 0.000001 0.988002 0.154442 12.024300 0.000001 -0.154442 0.988002 0.000000 0.000000 0.000000 0.000000 1.000000
1.000000 -0.000001 -0.000001 0.000000 0.000001 0.988579 0.150707 12.024300 0.000001 -0.150707 0.988579 0.000000 0.000000 0.000000 0.000000 1.000000
1.000000 -0.000001 -0.000001 0.000000 0.000001 0.989686 0.143254 12.024300 0.000001 -0.143254 0.989686 0.000000 0.000000 0.000000 0.000000 1.000000
1.000000 -0.000001 -0.000001 0.000000 0.000001 0.990493 0.137564 12.024300 0.000001 -0.137564 0.990493 0.000000 0.000000 0.000000 0.000000 1.000000
1.000000 -0.000001 -0.000001 0.000000 0.000001 0.990260 0.139228 12.024300 0.000001 -0.139228 0.990260 0.000000 0.000000 0.000000 0.000000 1.000000
1.000000 -0.000001 -0.000001 0.000000 0.000001 0.988116 0.153710 12.024300 0.000001 -0.153710 0.988116 0.000000 0.000000 0.000000 0.000000 1.000000
1.000000 -0.000001 -0.000001 -0.000000 0.000001 0.981277 0.192601 12.024300 0.000000 -0.192601 0.981277 -0.000000 0.000000 0.000000 0.000000 1.000000
1.000000 -0.000001 -0.000001 -0.000000 0.000001 0.967467 0.252996 12.024300 0.000000 -0.252996 0.967467 0.000000 0.000000 0.000000 0.000000 1.000000
1.000000 -0.000001 -0.000001 0.000000 0.000001 0.948647 0.316337 12.024300 0.000000 -0.316337 0.948647 0.000000 0.000000 0.000000 0.000000 1.000000
1.000000 -0.000001 -0.000001 0.000000 0.000001 0.931042 0.364912 12.024300 0.000000 -0.364912 0.931042 -0.000000 0.000000 0.000000 0.000000 1.000000
1.000000 -0.000001 -0.000001 0.000000 0.000001 0.922875 0.385099 12.024300 0.000000 -0.385099 0.922875 0.000000 0.000000 0.000000 0.000000 1.000000
1.000000 -0.000001 -0.000001 0.000000 0.000001 0.924159 0.382009 12.024300 0.000000 -0.382009 0.924159 0.000000 0.000000 0.000000 0.000000 1.000000
1.000000 -0.000001 -0.000001 0.000000 0.000001 0.928630 0.371007 12.024300 0.000000 -0.371007 0.928630 0.000000 0.000000 0.000000 0.000000 1.000000
1.000000 -0.000001 -0.000001 -0.000000 0.000001 0.935155 0.354239 12.024300 0.000000 -0.354239 0.935155 0.000000 0.000000 0.000000 0.000000 1.000000
1.000000 -0.000001 -0.000001 -0.000000 0.000001 0.943131 0.332422 12.024300 0.000000 -0.332422 0.943131 -0.000000 0.000000 0.000000 0.000000 1.000000
1.000000 -0.000001 -0.000001 0.000000 0.000001 0.951892 0.306433 12.024300 0.000000 -0.306433 0.951892 0.000000 0.000000 0.000000 0.000000 1.000000
1.000000 -0.000001 -0.000001 0.000000 0.000001 0.960816 0.277185 12.024300 0.000000 -0.277185 0.960816 0.000000 0.000000 0.000000 0.000000 1.000000
1.000000 -0.000001 -0.000001 0.000000 0.000001 0.969351 0.245681 12.024300 0.000000 -0.245681 0.969351 -0.000000 0.000000 0.000000 0.000000 1.000000
1.000000 -0.000001 -0.000001 0.000000 0.000001 0.977046 0.213029 12.024300 0.000000 -0.213029 0.977046 0.000000 0.000000 0.000000 0.000000 1.000000
1.000000 -0.000001 -0.000001 0.000000 0.000001 0.983590 0.180420 12.024300 0.000000 -0.180420 0.983590 0.000000 0.000000 0.000000 0.000000 1.000000
1.000000 -0.000001 -0.000001 0.000000 0.000001 0.988810 0.149178 12.024300 0.000001 -0.149178 0.988810 -0.000000 0.000000 0.000000 0.000000 1.000000
1.000000 -0.000001 -0.000001 0.000000 0.000001 0.993232 0.116147 12.024300 0.000001 -0.116147 0.993232 0.000000 0.000000 0.000000 0.000000 1.000000
1.000000 -0.000001 -0.000001 0.000000 0.000001 0.996985 0.077592 12.024300 0.000001 -0.077592 0.996985 0.000000 0.000000 0.000000 0.000000 1.000000
1.000000 -0.000001 -0.000001 0.000000 0.000001 0.999401 0.034596 12.024300 0.000001 -0.034596 0.999401 -0.000000 0.000000 0.000000 0.000000 1.000000
1.000000 -0.000001 -0.000001 0.000000 0.000001 0.999943 -0.010697 12.024300 0.000001 0.010697 0.999943 0.000000 0.000000 0.000000 0.000000 1.000000
1.000000 -0.000001 -0.000001 0.000000 0.000001 0.998424 -0.056119 12.024300 0.000001 0.056119 0.998424 0.000000 0.000000 0.000000 0.000000 1.000000
1.000000 -0.000001 -0.000001 -0.000000 0.000001 0.995043 -0.099450 12.024300 0.000001 0.099450 0.995043 -0.000000 0.000000 0.000000 0.000000 1.000000
1.000000 -0.000001 -0.000001 0.000000 0.000001 0.990359 -0.138527 12.024300 0.000001 0.138527 0.990359 0.000000 0.000000 0.000000 0.000000 1.000000
1.000000 -0.000001 -0.000001 0.000000 0.000001 0.985216 -0.171316 12.024300 0.000001 0.171316 0.985216 0.000000 0.000000 0.000000 0.000000 1.000000
1.000000 -0.000001 -0.000001 -0.000000 0.000001 0.980617 -0.195934 12.024300 0.000001 0.195934 0.980617 -0.000000 0.000000 0.000000 0.000000 1.000000
1.000000 -0.000001 -0.000001 0.000000 0.000001 0.977582 -0.210553 12.024300 0.000001 0.210553 0.977582 0.000000 0.000000 0.000000 0.000000 1.000000
1.000000 -0.000001 -0.000001 0.000000 0.000001 0.976803 -0.214142 12.024300 0.000001 0.214142 0.976803 0.000000 0.000000 0.000000 0.000000 1.000000
1.000000 -0.000001 -0.000001 0.000000 0.000001 0.978183 -0.207745 12.024300 0.000001 0.207745 0.978183 0.000000 0.000000 0.000000 0.000000 1.000000
1.000000 -0.000001 -0.000001 0.000000 0.000001 0.981205 -0.192967 12.024300 0.000001 0.192967 0.981205 0.000000 0.000000 0.000000 0.000000 1.000000
1.000000 -0.000001 -0.000001 0.000000 0.000001 0.985206 -0.171377 12.024300 0.000001 0.171377 0.985206 0.000000 0.000000 0.000000 0.000000 1.000000
1.000000 -0.000001 -0.000001 0.000000 0.000001 0.989488 -0.144618 12.024300 0.000001 0.144618 0.989488 0.000000 0.000000 0.000000 0.000000 1.000000
1.000000 -0.000001 -0.000001 -0.000000 0.000001 0.993428 -0.114459 12.024300 0.000001 0.114459 0.993428 -0.000000 0.000000 0.000000 0.000000 1.000000
1.000000 -0.000001 -0.000001 0.000000 0.000001 0.996569 -0.082766 12.024300 0.000001 0.082766 0.996569 0.000000 0.000000 0.000000 0.000000 1.000000
1.000000 -0.000001 -0.000001 0.000000 0.000001 0.998676 -0.051434 12.024300 0.000001 0.051434 0.998676 0.000000 0.000000 0.000000 0.000000 1.000000
1.000000 -0.000001 -0.000001 0.000000 0.000001 0.999622 -0.027508 12.024300 0.000001 0.027508 0.999622 0.000000 0.000000 0.000000 0.000000 1.000000
0.999999 -0.000008 -0.001138 0.000000 0.000124 0.994844 0.101415 12.024300 0.001132 -0.101415 0.994844 0.000000 0.000000 0.000000 0.000000 1.000000
0.999804 0.000701 0.019771 0.000000 -0.005538 0.969334 0.245686 12.024300 -0.018993 -0.245748 0.969148 0.000000 0.000000 0.000000 0.000000 1.000000
0.997988 0.001992 0.063370 0.000000 -0.022135 0.947560 0.318809 12.024300 -0.059411 -0.319571 0.945698 0.000000 0.000000 0.000000 0.000000 1.000000
0.992974 0.003624 0.118274 0.000000 -0.043010 0.942221 0.332221 12.024300 -0.110236 -0.334973 0.935757 -0.000000 0.000000 0.000000 0.000000 1.000000
0.984310 0.005274 0.176367 -0.000000 -0.059861 0.950254 0.305669 12.024300 -0.165982 -0.311430 0.935661 -0.000000 0.000000 0.000000 0.000000 1.000000
0.973288 0.006658 0.229491 -0.000000 -0.067084 0.964204 0.256536 12.024300 -0.219569 -0.265079 0.938895 0.000000 0.000000 0.000000 0.000000 1.000000
0.962870 0.007583 0.269857 0.000000 -0.064434 0.977172 0.202445 12.024300 -0.262162 -0.212316 0.941378 0.000000 0.000000 0.000000 0.000000 1.000000
0.956972 0.007947 0.290070 0.000000 -0.057006 0.985295 0.161074 12.024300 -0.284524 -0.170679 0.943353 -0.000000 0.000000 0.000000 0.000000 1.000000
0.959339 0.007648 0.282152 -0.000000 -0.051182 0.987774 0.147248 12.024300 -0.277577 -0.155702 0.948002 -0.000000 0.000000 0.000000 0.000000 1.000000
0.970877 0.006484 0.239490 -0.000000 -0.043318 0.987909 0.148859 12.024300 -0.235629 -0.154898 0.959419 0.000000 0.000000 0.000000 0.000000 1.000000
0.986140 0.004489 0.165856 -0.000000 -0.030044 0.987940 0.151893 12.024300 -0.163174 -0.154771 0.974382 0.000000 0.000000 0.000000 0.000000 1.000000
0.997418 0.001942 0.071790 0.000000 -0.013005 0.987990 0.153967 12.024300 -0.070628 -0.154503 0.985465 0.000000 0.000000 0.000000 0.000000 1.000000
0.999516 -0.000842 -0.031090 0.000000 0.005634 0.988000 0.154353 12.024300 0.030587 -0.154453 0.987527 -0.000000 0.000000 0.000000 0.000000 1.000000
0.991440 -0.003534 -0.130514 -0.000000 0.023645 0.987964 0.152868 12.024300 0.128403 -0.154645 0.979591 -0.000000 0.000000 0.000000 0.000000 1.000000
0.976702 -0.005811 -0.214521 -0.000000 0.038858 0.987898 0.150158 12.024300 0.211053 -0.154995 0.965108 -0.000000 0.000000 0.000000 0.000000 1.000000
0.962414 -0.007357 -0.271485 0.000000 0.049168 0.987835 0.147531 12.024300 0.267097 -0.155334 0.951068 0.000000 0.000000 0.000000 0.000000 1.000000
0.954019 -0.008123 -0.299635 0.000000 0.054261 0.987797 0.145988 12.024300 0.294793 -0.155534 0.942818 0.000000 0.000000 0.000000 0.000000 1.000000
0.950888 -0.008389 -0.309422 0.000000 0.056032 0.987783 0.145412 12.024300 0.304422 -0.155608 0.939741 0.000000 0.000000 0.000000 0.000000 1.000000
0.951519 -0.008336 -0.307476 0.000000 0.055680 0.987786 0.145528 12.024300 0.302508 -0.155593 0.940362 -0.000000 0.000000 0.000000 0.000000 1.000000
0.955449 -0.007998 -0.295048 0.000000 0.053432 0.987804 0.146250 12.024300 0.290280 -0.155500 0.944223 0.000000 0.000000 0.000000 0.000000 1.000000
0.961749 -0.007421 -0.273832 0.000000 0.049593 0.987832 0.147409 12.024300 0.269406 -0.155350 0.950414 0.000000 0.000000 0.000000 0.000000 1.000000
0.969372 -0.006652 -0.245506 0.000000 0.044467 0.987865 0.148810 12.024300 0.241537 -0.155169 0.957905 0.000000 0.000000 0.000000 0.000000 1.000000
0.977300 -0.005736 -0.211782 0.000000 0.038362 0.987901 0.150268 12.024300 0.208357 -0.154981 0.965696 0.000000 0.000000 0.000000 0.000000 1.000000
0.984657 -0.004724 -0.174439 0.000000 0.031600 0.987934 0.151621 12.024300 0.171618 -0.154807 0.972925 0.000000 0.000000 0.000000 0.000000 1.000000
0.990794 -0.003664 -0.135331 0.000000 0.024517 0.987961 0.152749 12.024300 0.133142 -0.154661 0.978955 0.000000 0.000000 0.000000 0.000000 1.000000
0.995341 -0.002609 -0.096378 -0.000000 0.017462 0.987981 0.153586 12.024300 0.094819 -0.154553 0.983424 0.000000 0.000000 0.000000 0.000000 1.000000
0.998225 -0.001612 -0.059533 -0.000000 0.010787 0.987994 0.154116 12.024300 0.058570 -0.154485 0.986258 0.000000 0.000000 0.000000 0.000000 1.000000
0.999630 -0.000737 -0.027195 0.000000 0.004928 0.988000 0.154374 12.024300 0.026755 -0.154451 0.987638 -0.000000 0.000000 0.000000 0.000000 1.000000
0.999921 -0.000342 -0.012599 0.000000 0.002284 0.988001 0.154428 12.024300 0.012395 -0.154444 0.987924 0.000000 0.000000 0.000000 0.000000 1.000000</float_array>
        <technique_common>
          <accessor source="#mixamorig_Spine1-Matrix-animation-output-transform-array" count="69" stride="16">
            <param type="float4x4"/>
          </accessor>
        </technique_common>
      </source>
      <source id="mixamorig_Spine1-Interpolations">
        <Name_array id="mixamorig_Spine1-Interpolations-array" count="69">
 LINEAR LINEAR LINEAR LINEAR LINEAR LINEAR LINEAR LINEAR LINEAR LINEAR LINEAR
LINEAR LINEAR LINEAR LINEAR LINEAR LINEAR LINEAR LINEAR LINEAR LINEAR LINEAR LINEAR
LINEAR LINEAR LINEAR LINEAR LINEAR LINEAR LINEAR LINEAR LINEAR LINEAR LINEAR LINEAR
LINEAR LINEAR LINEAR LINEAR LINEAR LINEAR LINEAR LINEAR LINEAR LINEAR LINEAR LINEAR
LINEAR LINEAR LINEAR LINEAR LINEAR LINEAR LINEAR LINEAR LINEAR LINEAR LINEAR LINEAR
LINEAR LINEAR LINEAR LINEAR LINEAR LINEAR LINEAR LINEAR LINEAR LINEAR</Name_array>
        <technique_common>
          <accessor source="#mixamorig_Spine1-Interpolations-array" count="69">
            <param type="name"/>
          </accessor>
        </technique_common>
      </source>
      <sampler id="mixamorig_Spine1-Matrix-animation-transform">
        <input semantic="INPUT" source="#mixamorig_Spine1-Matrix-animation-input"/>
        <input semantic="OUTPUT" source="#mixamorig_Spine1-Matrix-animation-output-transform"/>
        <input semantic="INTERPOLATION" source="#mixamorig_Spine1-Interpolations"/>
      </sampler>
      <channel source="#mixamorig_Spine1-Matrix-animation-transform" target="mixamorig_Spine1/matrix"/>
    </animation>
    <animation id="mixamorig_Spine2-anim" name="mixamorig_Spine2">
      <source id="mixamorig_Spine2-Matrix-animation-input">
        <float_array id="mixamorig_Spine2-Matrix-animation-input-array" count="69">

0.000000 0.033333 0.066667 0.100000 0.133333 0.166667 0.200000 0.233333 0.266667 0.300000 0.333333 0.366667 0.400000 0.433333 0.466667 0.500000
